0001 25 25 255 255 5.111261370116154
0002 151 21 108 108 5.741740255621153
0003 54 64 108 108 3.8558872844923826
0004 0 0 341 341 4.023528849259492
0005 172 57 144 144 3.679532390150598
0006 25 51 255 255 4.910448221436127
0007 259 21 108 108 2.8252464160950694
0008 172 72 144 144 2.2141387623460105
0009 32 172 108 108 7.429726266466787
0010 57 43 144 144 5.502817385936396
0011 0 226 108 108 4.446137845360681
0012 86 57 144 144 2.891319834355272
0013 28 0 144 144 5.14534357518005
0014 97 97 108 108 4.865663298570325
0015 86 201 144 144 4.6553495754824326
0016 96 115 192 192 3.666721076709109
0017 153 57 192 192 5.912757584233077
0018 72 14 144 144 6.2675510960734755
0019 97 108 108 108 5.356174260571606
0020 76 102 255 255 4.530878139198649
0021 32 21 108 108 4.569613034172107
0022 259 129 108 108 2.470697602116161
0023 134 19 192 192 5.199949348277187
0024 230 216 144 144 2.442821296431248
0025 0 25 255 255 4.862634061549215
0026 158 28 144 144 5.761155951016008
0027 96 38 192 192 6.419831925454673
0028 140 129 108 108 3.8617078538418355
0029 57 19 192 192 5.199561669102877
0030 129 28 144 144 2.5666378867217645
0031 204 0 255 255 6.504157141976066
0032 0 0 255 255 3.0573152461629434
0033 158 144 144 144 2.180788625050809
0034 72 57 144 144 5.284126597839531
0035 127 0 255 255 3.5250568326200664
0036 100 14 144 144 3.294680895419333
0037 43 54 108 108 2.75617384817906
0038 204 25 255 255 5.578911656329183
0039 57 14 144 144 4.981071793886258
0040 96 19 192 192 3.1355181328735853
0041 259 291 108 108 2.6047863908943327
0042 25 51 255 255 4.813821867520346
0043 158 28 144 144 4.026399365136058
0044 0 0 255 255 5.0157565136805715
0045 187 72 144 144 3.483903310513597
0046 248 97 108 108 4.49659338823858
0047 115 14 144 144 3.518083637904965
0048 108 21 108 108 4.269933031978326
0049 97 151 108 108 4.522898859261659
0050 108 10 108 108 7.6514425380782995
0051 25 51 255 255 4.178497801161029
0052 0 76 255 255 4.678802316576366
0053 51 25 255 255 4.529218059605228
0054 25 51 255 255 3.131250761395677
0055 72 43 144 144 3.665234500983388
0056 25 51 255 255 5.607878144849565
0057 86 28 144 144 3.468547897476128
0058 144 72 144 144 2.6041996261965323
0059 76 38 192 192 4.709231223377174
0060 72 216 144 144 4.590250850019402
0061 194 54 108 108 3.8274667519772265
0062 259 43 144 144 1.8454323153609948
0063 0 115 192 192 4.501669268928708
0064 205 21 108 108 2.675718814168249
0065 10 10 108 108 2.8742672039415993
0066 100 230 144 144 3.038811779178104
0067 187 43 144 144 3.080216150851811
0068 0 25 255 255 8.153001870498883
0069 0 0 341 341 5.170107580245713
0070 68 0 341 341 4.15527368704079
0071 102 34 341 341 3.969233531145619
0072 259 14 144 144 7.064740445993266
0073 302 64 108 108 4.986357129751013
0074 118 86 108 108 6.679436410621747
0075 97 32 108 108 5.226132685890661
0076 75 21 108 108 4.212941982569646
0077 38 38 192 192 7.012023935972138
0078 0 249 192 192 5.695579818076112
0079 97 172 108 108 3.914361233434647
0080 226 64 108 108 3.4532402639788415
0081 57 134 192 192 4.515327609206906
0082 25 127 255 255 4.479247836706236
0083 51 25 255 255 6.2687742384923695
0084 144 57 144 144 6.0727069204485815
0085 76 25 255 255 5.165526870409849
0086 51 25 255 255 7.793075610306005
0087 72 28 144 144 3.595996546243441
0088 118 54 108 108 3.410301144355799
0089 0 25 255 255 7.388789507535876
0090 43 72 144 144 3.7730161947010856
0091 100 0 144 144 4.471652002864175
0092 0 34 341 341 4.69578386575904
0093 153 57 192 192 2.374485571363948
0094 97 21 108 108 5.378684314772727
0095 201 14 144 144 3.4323072208835583
0096 75 0 108 108 4.157453698227073
0097 38 38 192 192 5.629800073763363
0098 102 76 255 255 4.408241450994865
0099 76 19 192 192 3.9670995092064913
0100 244 14 144 144 3.6751812373595385
0101 134 19 192 192 3.1094787344527504
0102 118 32 108 108 4.93323770225561
0103 129 21 108 108 4.595663780249197
0104 57 19 192 192 4.1604543952607855
0105 97 32 108 108 4.988427333436448
0106 226 64 108 108 5.250790643583059
0107 115 19 192 192 5.772644923174994
0108 57 43 144 144 4.827734601906741
0109 97 10 108 108 4.550517908389338
0110 129 64 108 108 4.112505577858428
0111 108 21 108 108 6.545019859758213
0112 179 51 255 255 4.927082109094954
0113 86 43 108 108 2.5859257306774452
0114 144 43 144 144 6.204856694665978
0115 25 102 255 255 3.2874405793163533
0116 172 28 144 144 4.51936343113357
0117 211 76 192 192 4.781788927245543
0118 129 14 144 144 6.779209134275334
0119 76 25 255 255 3.897840132373858
0120 96 115 192 192 1.7474913382802697
0121 57 0 192 192 5.086650344169357
0122 0 34 341 341 4.650577029814485
0123 25 25 255 255 5.875359719216249
0124 100 100 144 144 5.187402973945609
0125 172 14 144 144 4.965620446780122
0126 158 43 144 144 4.059415462606012
0127 96 57 192 192 3.7992933129617086
0128 172 183 108 108 1.579213421010536
0129 51 51 255 255 7.349397518443766
0130 25 25 255 255 3.4396534699963013
0131 140 54 108 108 4.000139935281368
0132 32 43 108 108 4.986286996737363
0133 0 0 341 341 4.654398352901808
0134 25 51 255 255 4.740595176092938
0135 129 237 108 108 3.8367318102291392
0136 28 28 144 144 4.671114517103888
0137 86 86 144 144 7.594873414495851
0138 102 102 255 255 5.710007077334922
0139 86 28 144 144 6.294231956043404
0140 115 201 144 144 4.4556792865669195
0141 0 34 341 341 3.620140519827146
0142 25 25 255 255 5.55842841028516
0143 172 192 192 192 3.178535499119789
0144 86 10 108 108 8.015371862046777
0145 115 72 144 144 3.2500088990100267
0146 0 259 144 144 4.556043530222269
0147 86 14 144 144 4.230117122036063
0148 76 19 192 192 3.7311446704452464
0149 38 0 192 192 5.558426358843462
0150 140 32 108 108 5.840832419770777
0151 100 43 144 144 6.655784419320298
0152 0 51 255 255 6.1608273188076055
0153 158 72 144 144 6.791819495517302
0154 172 14 144 144 6.3077173223764476
0155 129 14 144 144 4.007883103277891
0156 115 72 144 144 3.6520122286356127
0157 51 25 255 255 5.099693596906036
0158 244 0 144 144 3.292664513593081
0159 268 172 192 192 3.6524357185599
0160 57 38 192 192 6.1505594011296125
0161 100 43 144 144 3.7240010718132908
0162 151 64 108 108 5.72287043650158
0163 0 0 341 341 6.87614503415989
0164 86 28 144 144 3.7153236379426744
0165 140 140 108 108 4.090394828735043
0166 38 38 192 192 3.831361741195906
0167 25 102 255 255 6.8510927688666925
0168 51 25 255 255 5.407580201460405
0169 0 102 255 255 4.831585328521214
0170 194 43 108 108 4.705062344674843
0171 97 129 108 108 2.9741510124340493
0172 291 237 108 108 2.9296037989743127
0173 51 76 255 255 8.03983150690783
0174 0 34 341 341 2.8440387216733143
0175 57 0 192 192 4.764738616203431
0176 280 97 108 108 3.800391489440699
0177 237 10 108 108 4.042890229485238
0178 97 140 108 108 1.3444649045313781
0179 57 19 192 192 6.052124303653727
0180 64 216 108 108 2.7471095742412217
0181 100 43 144 144 2.2315868760242665
0182 28 244 144 144 3.4124055889451483
0183 96 19 192 192 5.245200682144969
0184 72 28 144 144 4.611195425769438
0185 25 25 255 255 5.316815882067203
0186 43 64 108 108 3.4131786185507735
0187 151 172 108 108 2.371766220288009
0188 25 25 255 255 3.995086574407651
0189 76 0 192 192 2.565294506367536
0190 0 25 255 255 3.1765944357221088
0191 86 201 144 144 3.65388174220152
0192 100 129 144 144 7.064976751954418
0193 280 269 108 108 5.385974912472193
0194 187 172 144 144 4.50875630691462
0195 100 57 144 144 5.640438479332261
0196 129 14 144 144 2.608793273063384
0197 25 25 255 255 7.000144844690112
0198 72 14 144 144 6.96503056119127
0199 100 28 144 144 5.51094179942902
0200 43 237 108 108 2.934933868808912
0201 54 21 108 108 2.150302141152679
0202 237 334 108 108 2.843729511562742
0203 129 0 108 108 4.025524240864797
0204 25 0 255 255 4.51777168550052
0205 158 14 144 144 4.886735674464035
0206 54 237 108 108 2.620587057278499
0207 51 102 255 255 5.133292228613755
0208 25 0 255 255 5.171650169174427
0209 86 28 144 144 2.721165335261503
0210 68 34 341 341 4.297690548065475
0211 57 57 192 192 3.7324017766850375
0212 64 97 108 108 2.2830671850288127
0213 51 25 255 255 5.019756940125262
0214 51 0 255 255 3.835563911391546
0215 244 57 144 144 5.757940023458104
0216 57 19 192 192 2.634326207747108
0217 259 144 144 144 3.47012554016419
0218 201 72 144 144 6.187302637529683
0219 57 14 144 144 5.378183547324625
0220 0 0 341 341 4.931772077780806
0221 0 51 255 255 5.7849382229806
0222 19 172 192 192 7.034262431280695
0223 64 21 108 108 1.8625591596546656
0224 57 216 144 144 3.5027989284326395
0225 97 21 108 108 3.6775153688404316
0226 129 86 144 144 5.160449473351946
0227 54 151 108 108 5.391073164621957
0228 0 25 255 255 5.3071157612039315
0229 153 0 192 192 3.3994527828517676
0230 100 43 144 144 4.71142785887514
0231 162 21 108 108 3.6794960525776332
0232 51 76 255 255 4.726193123938174
0233 25 25 255 255 4.556024390830316
0234 25 25 255 255 5.862598767435884
0235 25 204 255 255 3.808720732126858
0236 57 144 144 144 2.8028584165340362
0237 144 14 144 144 5.833234685157549
0238 76 57 192 192 4.384761579732185
0239 100 28 144 144 3.530229463770411
0240 118 43 108 108 2.68755771583983
0241 76 76 192 192 3.0574425854329093
0242 97 21 108 108 3.7532765023834145
0243 134 38 192 192 3.427134513146484
0244 108 151 108 108 3.7647924295497432
0245 75 21 108 108 5.5304979410620945
0246 86 129 144 144 3.7144727039312784
0247 32 226 108 108 5.696829612284091
0248 75 10 108 108 3.7915258190232635
0249 102 25 255 255 6.92789642725711
0250 38 192 192 192 3.468135372827419
0251 96 57 192 192 3.2061404140449667
0252 43 0 144 144 4.905848275103381
0253 0 34 341 341 5.495187330195222
0254 259 57 144 144 3.929945560817032
0255 205 10 108 108 6.063150803446661
0256 38 38 192 192 4.50283376985044
0257 172 86 108 108 3.3038232714652622
0258 115 19 192 192 5.357248599718332
0259 97 108 108 108 3.120249422562665
0260 38 19 192 192 7.0898574213542815
0261 183 64 108 108 3.142925778335666
0262 86 0 108 108 3.808728176813929
0263 108 10 108 108 2.7687979634692965
0264 57 19 192 192 5.500312806912007
0265 118 43 108 108 1.9568741551820494
0266 10 0 108 108 8.719044480069897
0267 162 216 108 108 4.063113464483649
0268 0 57 144 144 3.466789727700416
0269 96 76 192 192 3.0131083900823796
0270 129 75 108 108 5.031626939821763
0271 25 51 255 255 6.977740315215669
0272 108 21 108 108 5.710192560368341
0273 0 162 108 108 2.6503890682552083
0274 230 28 144 144 3.802942793558941
0275 25 25 255 255 3.530490364607431
0276 96 19 192 192 3.448956958328381
0277 118 54 108 108 3.599580075465383
0278 216 43 144 144 4.302452351145803
0279 43 21 108 108 4.9699343513248095
0280 0 153 192 192 2.807716704647646
0281 54 172 108 108 5.893832515289432
0282 25 0 255 255 6.340737583585906
0283 57 19 192 192 5.685126363973723
0284 183 64 108 108 3.4778250553981707
0285 51 0 255 255 4.670237846182317
0286 25 76 255 255 7.012427293670953
0287 194 0 108 108 2.695252639624414
0288 51 25 255 255 5.892025836500579
0289 187 129 144 144 2.013742983258453
0290 38 19 192 192 7.252890473454499
0291 0 34 341 341 5.094955562021823
0292 68 34 341 341 4.041357655271895
0293 115 76 192 192 2.684494482517948
0294 115 14 144 144 6.467740587618209
0295 216 259 144 144 5.837894256347681
0296 129 21 108 108 3.1468122436972408
0297 76 25 255 255 5.977827253232135
0298 14 0 144 144 7.537777349080898
0299 86 86 144 144 4.149199751224842
0300 172 14 144 144 4.659703930276919
0301 25 51 255 255 6.968276850010625
0302 76 57 192 192 4.4045204579351775
0303 151 32 108 108 3.218025654515259
0304 237 64 108 108 1.4861497851570675
0305 127 25 255 255 6.7876356412207315
0306 64 280 108 108 4.624311038792257
0307 0 0 341 341 7.793141841514625
0308 216 194 108 108 2.7337554029991225
0309 97 21 108 108 4.662598294297823
0310 72 14 144 144 5.683510042527814
0311 0 204 255 255 2.5327880470622404
0312 38 0 192 192 3.4336231941897495
0313 129 54 108 108 6.733999368128025
0314 86 32 108 108 8.034451770527994
0315 134 96 192 192 5.420304806601962
0316 172 0 192 192 3.714213063333773
0317 34 34 341 341 4.2707152283155665
0318 25 76 255 255 2.8803106987370484
0319 76 172 192 192 3.257076635219164
0320 0 19 192 192 4.223193952250767
0321 28 43 144 144 6.373886461054099
0322 248 237 108 108 3.94729280248157
0323 38 19 192 192 6.31689668728086
0324 76 57 192 192 3.53741905095103
0325 86 28 144 144 4.029019796352259
0326 216 216 144 144 2.740560568931869
0327 172 14 144 144 3.692470563390998
0328 216 10 108 108 3.7685055597439714
0329 216 0 144 144 2.3670137747149056
0330 57 57 192 192 4.165616676114041
0331 86 118 108 108 4.008501658890054
0332 302 100 144 144 4.163421010006459
0333 115 0 144 144 4.262289860712372
0334 76 38 192 192 4.446056217221667
0335 140 0 108 108 3.623072166829843
0336 172 129 144 144 3.407834048969562
0337 34 0 341 341 2.127698982313632
0338 249 19 192 192 7.7904509235422665
0339 76 19 192 192 3.6996135676208723
0340 34 102 341 341 3.6081874027340746
0341 57 19 192 192 8.376279511566281
0342 72 28 144 144 6.941151164767689
0343 51 51 255 255 7.898145185264184
0344 158 201 144 144 2.899583353869275
0345 179 0 255 255 2.847788108648274
0346 21 129 108 108 3.939929840712466
0347 76 38 192 192 5.239548910341
0348 129 158 144 144 5.929533678067855
0349 248 21 108 108 2.3248968180751035
0350 25 25 255 255 4.834466084900669
0351 115 28 144 144 6.324327584389721
0352 153 134 192 192 5.514944658852073
0353 86 57 144 144 4.99331152126706
0354 162 21 108 108 2.5029117489802957
0355 226 43 108 108 5.328524741334149
0356 230 14 144 144 3.4929636152128296
0357 127 76 255 255 2.579971443778959
0358 0 25 255 255 4.8818821580398435
0359 57 38 192 192 3.5247370799233977
0360 108 75 108 108 5.8245897066562975
0361 134 38 192 192 4.246243706239511
0362 134 38 192 192 3.6464957931211757
0363 172 72 144 144 4.293216046503403
0364 25 51 255 255 6.401904885879958
0365 57 28 144 144 4.462427860770731
0366 244 14 144 144 6.816330556631328
0367 226 259 108 108 4.4583009161042355
0368 25 51 255 255 7.488838448455681
0369 0 25 255 255 5.198564103561694
0370 302 345 108 108 3.9407328780262105
0371 0 25 255 255 5.954767151114538
0372 183 32 108 108 5.309054910559098
0373 115 115 192 192 3.814174249670941
0374 0 0 341 341 2.7250915460217584
0375 115 19 192 192 4.386376960149391
0376 192 38 192 192 4.948245506054263
0377 34 0 341 341 4.465517639681821
0378 43 172 144 144 2.9786180242272167
0379 57 19 192 192 5.825234102453578
0380 76 38 192 192 3.0745988307362495
0381 96 19 192 192 5.369099858803565
0382 96 153 192 192 4.816630731195801
0383 129 43 108 108 3.2746510523038523
0384 38 57 192 192 5.951866252716172
0385 249 19 192 192 4.223210623070372
0386 72 14 144 144 5.267126959316556
0387 211 76 192 192 4.36289547893557
0388 115 38 192 192 4.884829853229348
0389 158 57 144 144 4.761706455906278
0390 76 76 192 192 2.8405866168950524
0391 153 51 255 255 1.4512113647842853
0392 0 51 255 255 3.1667678298153987
0393 194 108 108 108 3.6497709547011254
0394 28 57 144 144 3.242054358187488
0395 115 76 192 192 4.9682175902316885
0396 0 25 255 255 3.4703978443767483
0397 97 21 108 108 3.6750928544834096
0398 226 43 108 108 2.9135124506328793
0399 226 32 108 108 5.696577634303139
0400 0 68 341 341 4.313888120193042
0401 0 76 255 255 3.8033374177803125
0402 57 230 144 144 4.262252664270818
0403 280 21 108 108 4.9217288055851895
0404 108 64 108 108 2.5842674246714523
0405 192 0 192 192 4.617385120848667
0406 72 28 144 144 2.9368314774519604
0407 237 32 108 108 4.391422113641056
0408 0 68 341 341 4.882649993819541
0409 0 51 255 255 5.209598464182818
0410 134 38 192 192 2.556048894567539
0411 76 19 192 192 5.90281301149389
0412 76 0 192 192 2.7233425704225738
0413 115 0 192 192 5.6091323023474615
0414 127 0 255 255 4.869760924663751
0415 38 0 192 192 7.437405215828221
0416 57 19 192 192 6.318503001301906
0417 51 25 255 255 6.453533671873629
0418 57 0 192 192 5.881985959383201
0419 38 96 192 192 3.798679176053156
0420 129 43 144 144 4.5791058668737605
0421 34 34 341 341 4.311589923808242
0422 54 32 108 108 4.5384532904909065
0423 38 96 192 192 5.145476751688875
0424 34 0 341 341 4.8255122217715325
0425 115 28 144 144 5.1522192606544195
0426 158 14 144 144 6.7343454023402955
0427 57 14 144 144 5.500867293701049
0428 211 192 192 192 3.5847633132116243
0429 102 25 255 255 5.549260667064118
0430 25 76 255 255 5.634348124095595
0431 0 0 341 341 3.5431264284898134
0432 162 21 108 108 5.2823847599111105
0433 162 162 108 108 3.303715824081337
0434 0 28 144 144 3.23805565134262
0435 68 102 341 341 2.3044051842052795
0436 179 25 255 255 1.0
