0001 277 163 126 126 0.2560567618982077
0001 218 67 168 168 0.5206754917069247
0001 0 0 298 298 3.4306639317198915
0001 29 29 298 298 0.20851195502996234
0002 151 0 126 126 2.9915183017926665
0002 264 0 126 126 0.3295585355278945
0002 134 0 168 168 0.15657926277867773
0003 16 33 168 168 0.4185438795373102
0003 117 33 168 168 1.9270739173859965
0003 134 33 168 168 0.20062037201364546
0004 100 67 168 168 1.7309621666843213
0004 100 151 168 168 1.3343156115640795
0004 0 29 298 298 2.6760072075173866
0004 29 89 298 298 0.5383077546191544
0005 151 33 168 168 3.898135035849691
0005 156 44 224 224 0.15368331095464782
0006 113 163 126 126 0.8576684364213634
0006 264 163 126 126 1.9055118633821166
0006 50 302 126 126 0.27043198541446145
0006 67 67 224 224 2.8081301003310273
0006 29 59 298 298 1.0183481999899868
0007 126 50 126 126 0.5548135319384073
0007 50 252 126 126 0.1691984026526825
0007 218 0 168 168 0.8163292653823646
0007 84 84 168 168 1.3252053347512174
0007 67 0 224 224 1.5122644799537284
0007 67 22 224 224 0.905743184191806
0008 12 12 126 126 0.3220150825707151
0008 151 88 126 126 1.672024001496311
0008 37 176 126 126 0.5497550608322399
0008 189 201 126 126 0.03639967777212405
0008 189 314 126 126 0.012175134541166699
0008 156 134 224 224 1.6994099674245717
0008 89 0 298 298 0.8334891981701276
0008 0 39 398 398 1.0315561135701046
0008 39 39 398 398 0.014607514900262686
0009 12 163 126 126 0.34229378981194714
0009 163 214 126 126 0.4921213145405545
0009 264 289 126 126 0.042556847480000215
0009 126 302 126 126 0.6862504361395168
0009 100 33 168 168 2.875382587086051
0009 89 22 224 224 1.621821308848439
0010 75 50 126 126 2.2540401053245205
0010 100 88 126 126 1.0810128586142582
0010 88 264 126 126 0.302952524665443
0010 176 264 126 126 2.466224728593943
0010 44 22 224 224 2.8638425677470423
0010 156 179 224 224 0.07132424803944559
0011 63 25 126 126 0.5826610716810592
0011 100 0 168 168 0.8362191794128648
0011 29 29 298 298 2.2683692249536307
0011 0 59 298 298 0.4255551901276249
0012 214 63 126 126 0.5565382603797389
0012 75 113 126 126 0.18620012219412274
0012 214 163 126 126 1.2127266624718231
0012 88 176 126 126 0.03778036602102475
0012 184 100 168 168 1.5696753683275801
0012 184 218 168 168 0.5329248909599755
0012 0 235 168 168 0.3769876138082964
0012 44 22 224 224 1.9278403354235252
0012 22 134 224 224 0.12423784609359245
0013 50 0 126 126 3.006109779574899
0013 138 138 126 126 1.0948633218265513
0013 214 163 126 126 0.19204217068704565
0013 189 252 126 126 0.3585048291477051
0013 184 218 168 168 0.5339640211511778
0014 75 88 126 126 2.9635215110954505
0014 33 235 168 168 0.021095432826541582
0014 67 22 224 224 0.7540523266777654
0014 22 201 224 224 0.3496391711139495
0015 113 126 126 126 0.5911402520412139
0015 100 201 126 126 2.078899326266537
0015 184 33 168 168 2.2482519988168406
0015 201 218 168 168 0.5701861171162363
0015 235 252 168 168 0.0035717082262181066
0015 67 112 224 224 0.7503823330459909
0015 44 156 224 224 0.45615361288014356
0016 50 37 126 126 0.41559826110255926
0016 100 16 168 168 0.1336265148545408
0016 201 33 168 168 0.8582448377253513
0016 117 84 168 168 1.983557330398753
0016 84 134 168 168 1.4873135233699486
0016 201 285 168 168 0.13627188861369177
0016 29 29 298 298 2.3014217504585304
0016 89 89 298 298 0.12129789235564203
0016 39 0 398 398 0.9781891757354515
0017 0 37 126 126 1.9082542469893724
0017 25 75 126 126 0.18136567278793336
0017 184 16 168 168 2.563978369149254
0017 151 67 168 168 4.206106009047062
0017 89 29 298 298 1.3003125271695808
0017 39 0 398 398 0.892448865668257
0018 88 25 126 126 3.1802943450436487
0018 75 113 126 126 0.37163498167296893
0018 264 163 126 126 0.35166742434171283
0018 252 252 126 126 1.2278081383535664
0018 235 268 168 168 1.1504976957710369
0018 67 44 224 224 1.0684546428872181
0018 112 134 224 224 0.5488162985327563
0018 179 156 224 224 0.1960150845750377
0018 39 0 398 398 0.6049409563327117
0018 39 39 398 398 0.7610683762084136
0019 201 37 126 126 0.27558574973022587
0019 189 75 126 126 0.09445843120715836
0019 88 100 126 126 3.604142183086651
0019 151 151 168 168 1.2059915145052855
0019 112 201 224 224 0.3888351888069792
0020 100 214 126 126 2.622703841914472
0020 67 134 168 168 1.7142626155089147
0020 151 201 168 168 0.7761861537780987
0020 29 29 298 298 1.1085079983220112
0020 59 89 298 298 1.4501295998613841
0021 176 88 126 126 0.7489044227165778
0021 235 252 168 168 0.9732590941619037
0021 39 39 398 398 0.12060769953473027
0022 252 138 126 126 2.79239050362753
0022 218 100 168 168 0.03817213484376225
0023 100 0 126 126 1.0952349908600354
0023 214 176 126 126 0.49058189432048493
0023 100 201 126 126 0.5134156570400137
0023 134 33 168 168 3.2100861027117844
0023 0 67 168 168 0.13591529695054305
0023 59 0 298 298 0.6690992669298339
0023 59 29 298 298 0.12482357465137284
0024 176 50 126 126 3.12000992008484
0024 252 100 126 126 0.3406724077992749
0024 100 226 126 126 0.8774696579328065
0024 218 252 168 168 0.8157662308710769
0024 89 22 224 224 0.07746216656755678
0024 179 201 224 224 0.25847468535152984
0025 176 277 126 126 0.2990205516086917
0025 37 314 126 126 0.11986664830124028
0025 22 22 224 224 3.0237940035347037
0025 0 29 298 298 2.4821778248640385
0026 302 37 126 126 0.012670682690213653
0026 163 50 126 126 3.3535669537793638
0026 151 33 168 168 2.060335929947314
0027 25 113 126 126 0.22433107068150093
0027 117 50 168 168 3.505702620159127
0027 16 285 168 168 1.0343601100519209
0027 44 22 224 224 1.9980857153402667
0027 89 59 298 298 0.6228582264136548
0028 138 113 126 126 0.8137176485740838
0028 277 226 126 126 0.935803584184896
0028 12 264 126 126 0.09981379412579372
0028 113 289 126 126 0.011170009614716037
0028 235 218 168 168 0.2903220706700722
0029 214 25 126 126 1.2075060993208808
0029 163 226 126 126 0.31998558538703037
0029 126 314 126 126 0.1907800112583118
0029 67 16 168 168 5.3603410675693794
0029 134 112 224 224 0.8835404978506176
0029 134 134 224 224 0.30379446712117897
0030 138 37 126 126 1.5151998846829429
0030 119 149 298 298 0.926610692271197
0031 88 63 126 126 0.5472271345986428
0031 289 264 126 126 0.0053928419563362695
0031 235 235 168 168 0.2327055357725385
0031 224 22 224 224 3.168376133600532
0031 224 44 224 224 2.3523928512638577
0032 25 88 126 126 0.002096274276254917
0032 0 113 126 126 0.36880347115015866
0032 277 126 126 126 1.3806375183391992
0032 168 33 168 168 1.7448002792350508
0032 0 89 298 298 0.047448970171672045
0033 201 12 126 126 0.26773910748102026
0033 75 88 126 126 0.35713521020602457
0033 176 151 126 126 1.1878736301712252
0033 37 289 126 126 0.6364121284912017
0033 0 302 126 126 0.2874223357991923
0033 0 39 398 398 0.6327909566805374
0034 75 138 126 126 1.130595677588417
0034 67 33 168 168 3.2241732051750205
0034 22 44 224 224 1.6363365207778315
0035 201 117 168 168 1.0642380105616667
0035 184 168 168 168 0.8019456028684999
0035 119 0 298 298 3.757754292919117
0035 149 29 298 298 1.1405872160955823
0036 63 277 126 126 0.39346485851797297
0036 100 0 168 168 2.3573515250734545
0036 100 16 168 168 0.0477713839916305
0037 37 37 126 126 1.119232750844958
0037 189 189 126 126 0.21783641163870016
0037 16 16 168 168 0.3730046880207283
0038 50 12 126 126 0.8870735731522927
0038 226 37 126 126 1.560974398604003
0038 314 50 126 126 1.6442625080651396
0038 289 113 126 126 0.18420129600940527
0038 264 151 126 126 1.5354166791928492
0038 25 176 126 126 0.3403106887105878
0038 201 22 224 224 2.99524466573871
0038 149 0 298 298 2.624394084783262
0039 0 264 126 126 0.4338903353907426
0039 138 314 126 126 0.03974550586076475
0039 50 16 168 168 2.4242587005117002
0039 100 84 168 168 0.3530390825160339
0040 12 88 126 126 0.9806805100431575
0040 176 88 126 126 1.9632671424749333
0040 214 201 126 126 0.11836988920344993
0040 84 16 168 168 3.2677900522592154
0040 134 22 224 224 0.20288496326770655
0040 0 0 298 298 0.42314971478276675
0040 0 0 398 398 0.7237182156875406
0041 100 25 126 126 2.235069602325666
0041 176 277 126 126 0.3744403225625774
0041 22 134 224 224 1.3392968588502754
0041 0 119 298 298 1.0391323282581197
0042 126 126 126 126 0.3540924679598447
0042 88 314 126 126 0.6415560025759532
0042 0 29 298 298 3.345984633944454
0042 29 59 298 298 0.21196226512779504
0043 277 0 126 126 0.7863718205824171
0043 134 16 168 168 4.565623208696479
0043 112 0 224 224 0.7813299847964572
0044 226 63 126 126 1.4455169505361027
0044 25 289 126 126 0.33734164820430124
0044 67 50 168 168 4.639372239818613
0044 112 224 224 224 1.4087893603989414
0044 0 0 298 298 0.8152091253339222
0045 134 67 168 168 0.8684050118733921
0045 156 0 224 224 0.04718300592298874
0046 84 100 168 168 3.4693027031005386
0046 0 0 398 398 0.5102833893013212
0046 0 39 398 398 0.07764545633631315
0047 138 25 126 126 2.6992197569468317
0047 117 16 168 168 0.0634671020359292
0048 88 12 126 126 1.140534073592562
0048 201 25 126 126 0.5145943478325989
0048 25 37 126 126 0.9958279710388069
0048 50 138 126 126 0.42185799981757555
0048 0 119 298 298 0.6086150219105093
0048 29 149 298 298 1.133834184880243
0049 25 37 126 126 1.4448610278830074
0049 75 151 126 126 3.0373131208741597
0049 100 176 126 126 0.48873438196983443
0049 201 327 126 126 0.2576568520432829
0049 22 112 224 224 0.8513197706104165
0049 22 134 224 224 0.10500629267130535
0050 113 0 126 126 3.76641419258317
0050 25 75 126 126 0.3599367135009288
0050 50 201 126 126 0.06786652765526924
0050 0 117 168 168 1.0673619195492847
0050 67 0 224 224 1.2537899170617948
0051 163 50 126 126 0.10145914317195093
0051 226 189 126 126 0.6241623820440054
0051 84 168 168 168 1.0741648088785496
0051 67 67 224 224 3.2742416220842188
0051 0 89 298 298 0.5574494439986211
0051 29 89 298 298 1.1730560756820978
0052 126 88 126 126 0.4175273326961815
0052 37 151 126 126 1.2314643479601273
0052 44 67 224 224 3.021562500214486
0052 29 59 298 298 1.8200071657536228
0053 113 63 126 126 1.2466688214024089
0053 314 151 126 126 1.4262862417506312
0053 89 22 224 224 1.2965814190517904
0053 156 89 224 224 0.8206170220780677
0053 0 0 398 398 0.6410840477235524
0053 39 0 398 398 0.4661077869438941
0054 113 189 126 126 0.20310376616339454
0054 33 201 168 168 0.9258320243804974
0054 0 29 298 298 3.742150572919627
0054 59 119 298 298 0.0023686806359819457
0055 88 37 126 126 2.6561094962942207
0055 189 151 126 126 0.053091519997678915
0055 226 176 126 126 0.005980723004313404
0055 44 0 224 224 0.6226088962264384
0055 134 134 224 224 0.33948534827300136
0055 0 0 398 398 0.7269398459445711
0056 100 189 126 126 1.3499799913167863
0056 0 0 298 298 5.349868030627249
0056 29 89 298 298 1.2984782449545946
0056 0 0 398 398 0.22029399016696516
0057 75 239 126 126 0.10978546573255699
0057 189 289 126 126 0.6609980437840477
0057 100 0 168 168 3.957108033382383
0057 50 268 168 168 2.1049447996899744
0057 67 22 224 224 0.2135885745062751
0058 151 100 126 126 1.372998514130586
0058 12 163 126 126 0.10682014240387616
0058 63 189 126 126 0.4884999449911902
0058 134 16 168 168 0.016086065404806504
0058 112 0 224 224 0.19187177545768463
0059 63 37 126 126 0.16140471259654987
0059 0 218 168 168 0.8949319708460735
0059 44 44 224 224 2.832396775060033
0059 0 89 298 298 1.3631791601053465
0059 29 89 298 298 0.8997596195310962
0060 37 0 126 126 1.3868903465097446
0060 63 201 126 126 1.318481285246662
0060 0 214 126 126 0.16567151713184103
0060 89 134 224 224 1.787388903654346
0060 59 119 298 298 0.1366080331406465
0061 0 163 126 126 0.1984074186818816
0061 151 16 168 168 0.3124353654909555
0061 235 184 168 168 1.0823643792734856
0061 201 156 224 224 0.28547503571985544
0062 277 25 126 126 0.670846820923316
0062 100 151 126 126 0.2081942454003638
0062 235 33 168 168 0.24301297801662258
0063 189 25 126 126 0.1423835834118563
0063 218 117 168 168 0.5895247979913165
0063 33 134 168 168 2.6005075237897017
0063 156 134 224 224 0.41787966767674334
0063 179 156 224 224 0.18843366224405145
0064 189 63 126 126 1.3125475797985473
0064 88 138 126 126 0.1022089627274454
0064 67 0 168 168 1.19735547324467
0064 168 0 168 168 1.0034137329400892
0064 151 151 168 168 1.519302752019712
0064 112 156 224 224 0.07916816851297881
0065 0 12 126 126 2.063830232769533
0065 37 289 126 126 1.3127086799192966
0065 151 289 126 126 0.732668336922643
0065 67 134 168 168 1.5547356621443669
0065 134 285 168 168 0.5593958668957839
0066 37 126 126 126 1.0197819745060315
0066 163 126 126 126 0.8544326188618925
0066 16 50 168 168 0.29784594651368934
0066 117 67 168 168 0.28701872662145433
0066 134 168 168 168 1.1833736660316845
0066 84 235 168 168 1.99487849943921
0066 22 89 224 224 2.458173993718219
0066 0 119 298 298 1.3314442134849287
0066 0 39 398 398 0.287320161811067
0067 75 37 126 126 1.7253283543157067
0067 214 63 126 126 1.7199485858998287
0067 189 277 126 126 0.3322242284536969
0067 151 16 168 168 0.07803452901657693
0067 89 112 224 224 0.015938423033503568
0068 75 264 126 126 0.17893479679855773
0068 50 201 168 168 1.1336805583175646
0068 0 0 298 298 3.341329280939817
0068 0 59 298 298 1.247396073025584
0069 226 75 126 126 0.2777047606848555
0069 50 113 126 126 2.254125068820713
0069 126 214 126 126 0.2655511406680944
0069 12 302 126 126 0.12933177040918054
0069 0 29 298 298 4.640165168098747
0069 0 0 398 398 0.7943434347523635
0070 63 12 126 126 2.112701149742634
0070 189 50 126 126 0.1634476013693984
0070 67 268 168 168 0.8565731378455439
0070 112 112 224 224 1.4808517290055079
0070 44 224 224 224 0.37292937932738823
0071 163 63 126 126 0.9926302494839092
0071 252 16 168 168 0.8513097657248636
0071 50 67 168 168 0.2458167507336384
0071 22 22 224 224 0.04565872902253432
0072 252 25 126 126 3.6523883833704076
0072 176 100 126 126 0.4686242164077612
0072 126 176 126 126 0.5822416092830736
0072 33 16 168 168 1.0079490167606764
0072 16 67 168 168 0.21110266598930139
0072 84 117 168 168 0.7190039717004311
0073 264 50 126 126 3.0068858628490034
0073 302 239 126 126 0.9181600792269364
0073 0 16 168 168 0.28301523760978853
0073 235 201 168 168 0.6098723758093456
0073 224 22 224 224 1.5140743897188713
0073 224 179 224 224 1.8741770395624826
0074 25 12 126 126 0.3712719598750027
0074 113 75 126 126 4.582644202002257
0074 50 189 126 126 0.0036280891197293386
0074 201 0 168 168 0.20852573169918287
0074 0 156 224 224 0.27832263122922996
0075 63 12 126 126 4.0984695473578086
0075 67 33 168 168 0.6757635402370852
0075 44 22 224 224 1.2034996007257632
0076 75 12 126 126 1.4632925594758035
0076 176 176 126 126 0.8958360691810867
0076 67 33 168 168 0.2424670088782932
0076 29 89 298 298 0.9730333684108246
0077 126 50 126 126 1.221836270376798
0077 0 29 298 298 4.9113269760034655
0077 59 89 298 298 0.5524581746119566
0078 163 50 126 126 2.3262896102148716
0078 37 226 126 126 0.0325973504347985
0078 189 264 126 126 0.4472919803936293
0078 156 134 224 224 0.5141625753074095
0078 179 134 224 224 0.47526026723585346
0079 176 12 126 126 1.622074356569783
0079 37 37 126 126 0.15487555612139658
0079 112 22 224 224 0.0055892956131629035
0080 226 50 126 126 1.3171136227299485
0080 25 151 126 126 0.28004470915561797
0080 302 277 126 126 0.42303383520425086
0080 134 151 168 168 0.6478368431469335
0080 156 0 224 224 0.8438674114420337
0081 63 138 126 126 0.21623967665595956
0081 214 189 126 126 0.8660197136175611
0081 84 151 168 168 1.1616973984107517
0081 184 252 168 168 2.5975422588869606
0081 67 22 224 224 3.06136338970623
0081 29 29 298 298 0.7566014271994845
0082 50 37 126 126 0.4408227099318083
0082 151 126 126 126 0.07209252680127065
0082 25 163 126 126 0.2555586961877907
0082 138 264 126 126 0.14781681452382145
0082 117 16 168 168 0.6259662594436577
0082 67 218 168 168 1.0742317629026275
0082 44 134 224 224 2.256417260954322
0082 29 29 298 298 2.0015710392960955
0082 0 89 298 298 2.6662634108413386
0083 50 37 126 126 0.2547746656398431
0083 0 0 298 298 4.44267657278192
0083 59 59 298 298 0.1765886820483047
0083 0 0 398 398 0.130047946627883
0084 113 189 126 126 3.3891412245918673
0084 214 302 126 126 0.7985027452939448
0084 100 327 126 126 0.06298565257543487
0084 29 29 298 298 3.8561657930965794
0084 0 0 398 398 0.22438875727470986
0085 214 226 126 126 0.984879104818674
0085 112 0 224 224 2.648965195386836
0085 29 29 298 298 3.2583864348760017
0085 39 0 398 398 1.2936248434104982
0086 88 151 126 126 0.6067506514061733
0086 0 218 168 168 0.28409152041217567
0086 44 22 224 224 4.273638008807893
0086 59 29 298 298 0.1245076019311
0087 239 12 126 126 0.7761118048344997
0087 264 50 126 126 0.5588178376253836
0087 37 138 126 126 0.5342329280445028
0087 50 16 168 168 2.595183887495068
0087 67 16 168 168 0.49624884489981014
0088 264 12 126 126 1.1478928711419485
0088 264 151 126 126 1.3638564036789376
0088 50 176 126 126 1.1791182796566773
0088 84 16 168 168 3.3242652777969397
0088 67 201 224 224 0.13343216231965016
0088 29 59 298 298 0.42066701071394164
0088 0 149 298 298 0.1798864962963762
0089 214 63 126 126 0.28304111352713335
0089 75 151 126 126 0.5479119837452799
0089 22 22 224 224 3.939506190797829
0089 29 29 298 298 1.6513608421425943
0090 163 126 126 126 0.5581846156762822
0090 37 138 126 126 0.9283225269152808
0090 138 163 126 126 0.3315092562895643
0090 16 67 168 168 1.3471725563629207
0090 84 201 168 168 0.2743926471209761
0090 0 29 298 298 3.909981095280955
0090 0 39 398 398 1.3027813496134968
0091 113 12 126 126 3.075259229631911
0091 138 201 126 126 0.2700893868220646
0091 22 67 224 224 0.17461384578723482
0091 89 89 298 298 0.36714159536290936
0091 89 119 298 298 0.6188600110233438
0092 239 314 126 126 0.36953653354225935
0092 0 59 298 298 4.673372359151244
0092 0 39 398 398 3.0183188542193875
0093 88 25 126 126 2.234277767811136
0093 63 50 126 126 0.00020008223305012507
0093 138 289 126 126 0.39716440791175955
0093 16 0 168 168 0.7703761117716112
0093 50 218 168 168 0.045747826717843054
0093 151 252 168 168 0.6464728423577526
0093 151 268 168 168 0.11559807235403241
0094 100 12 126 126 1.6838779164806965
0094 327 25 126 126 0.9018736345512934
0094 75 50 126 126 0.7805742558537077
0094 126 100 126 126 0.2241957776984691
0094 12 163 126 126 0.44864933882286095
0094 44 22 224 224 0.20688382688035745
0095 189 25 126 126 3.465342534376532
0095 264 176 126 126 1.691620998715507
0095 0 16 168 168 0.663870128080589
0095 112 44 224 224 0.3927956403474582
0095 179 156 224 224 0.27536562239924933
0095 0 39 398 398 0.6739258549330316
0095 39 39 398 398 0.512954831070374
0096 37 0 126 126 1.221352839884048
0096 264 88 126 126 0.88259405340591
0096 264 214 126 126 0.4024721362927721
0096 0 226 126 126 1.3053951740346292
0096 179 44 224 224 0.3290388677903593
0096 67 134 224 224 2.476695316696123
0096 59 89 298 298 1.1484029556793303
0097 226 12 126 126 1.1739040327063321
0097 289 12 126 126 0.6691613091368254
0097 163 113 126 126 0.2932345187489318
0097 252 113 126 126 2.7561935816245295
0097 235 134 168 168 1.2666616003605213
0097 0 22 224 224 3.6354794619380755
0097 0 29 298 298 0.3109631771928889
0098 176 75 126 126 2.6968229056635664
0098 151 67 168 168 0.22437913890985328
0099 67 50 168 168 2.8050176834565264
0099 0 29 298 298 0.17229257480880733
0100 201 151 126 126 2.1808676989001015
0100 149 119 298 298 0.2533851710811632
0101 134 50 168 168 1.7187476774686274
0101 134 22 224 224 0.036275098607575273
0102 100 12 126 126 2.3347284622266216
0102 75 138 126 126 0.30286485952615294
0102 168 0 168 168 0.1575288296569397
0102 44 134 224 224 0.11940749081054491
0102 0 119 298 298 1.759930552432479
0103 113 12 126 126 2.203526783834377
0103 189 113 126 126 0.20541285427111688
0103 277 314 126 126 0.0380060653021701
0103 235 268 168 168 0.041740056765547706
0104 63 25 126 126 1.7585006799106395
0104 0 151 126 126 0.24491611151984216
0104 126 176 126 126 0.1709000363823634
0104 214 189 126 126 0.23572968868188582
0104 0 314 126 126 0.5387923866489928
0104 67 22 224 224 2.5597541676449964
0104 156 224 224 224 0.7253888810353146
0104 0 29 298 298 0.01799534769611455
0105 88 37 126 126 2.3466512656066243
0105 239 189 126 126 0.022146976630892823
0105 44 22 224 224 0.9695587751609764
0106 226 63 126 126 2.3203615060826905
0106 264 264 126 126 0.029071499984411275
0106 44 112 224 224 1.7023194189512196
0106 67 112 224 224 1.388577100491375
0107 134 33 168 168 3.683895021325725
0107 168 168 168 168 0.3075838620259219
0107 59 0 298 298 0.7852122316378427
0107 89 0 298 298 0.17113144011614168
0108 214 50 126 126 1.8914879731871679
0108 50 16 168 168 2.8937991701220653
0108 16 50 168 168 0.17454930057078855
0108 0 0 298 298 0.18787996157129783
0109 100 0 126 126 3.6424169386862104
0109 0 302 126 126 0.628813208398924
0109 113 314 126 126 0.4056002068371072
0109 239 314 126 126 0.37021550547592597
0109 218 16 168 168 0.9768451757897765
0109 100 168 168 168 0.8283796822267959
0109 0 224 224 224 0.24089276150857586
0109 22 224 224 224 0.08674810035677183
0110 12 302 126 126 0.5828224688282262
0110 117 33 168 168 2.8911332490004042
0110 156 156 224 224 1.3962320614207329
0110 59 89 298 298 0.14464245536305498
0110 0 39 398 398 0.8131058016931547
0111 100 12 126 126 3.7848517570944296
0111 176 12 126 126 1.929653242410268
0111 176 75 126 126 1.5807970800285602
0111 226 176 126 126 0.36088106490728933
0111 29 29 298 298 0.7981696935364653
0111 89 119 298 298 0.14521986403065057
0112 189 100 126 126 0.11038027988774957
0112 252 84 168 168 3.2444437283463685
0112 179 67 224 224 3.9167460821170152
0112 149 29 298 298 1.3902459030412047
0113 75 50 126 126 0.76002559744461
0113 239 113 126 126 1.252762831992868
0113 16 33 168 168 2.1707885354896916
0113 33 84 168 168 0.5011624411688445
0113 252 100 168 168 0.13097135858492948
0113 22 44 224 224 1.5608709947607622
0114 163 37 126 126 2.328892425915683
0114 75 50 126 126 0.17514533927692355
0114 0 214 126 126 0.05096043085882229
0114 134 33 168 168 0.9815281952594432
0115 88 63 126 126 0.5975327004978226
0115 75 113 126 126 0.12649936440516285
0115 113 239 126 126 0.8021750252498805
0115 100 33 168 168 0.7577569629481786
0115 151 67 168 168 0.20136982174676632
0115 0 59 298 298 2.434936159986819
0115 29 89 298 298 1.059721269220745
0116 176 25 126 126 3.2178145517225403
0116 112 0 224 224 0.11894124224431835
0116 0 112 224 224 0.8041871142247601
0117 151 264 126 126 0.3000536095912594
0117 235 151 168 168 0.01707109158246567
0117 201 67 224 224 2.849178337577314
0117 201 89 224 224 0.22606188330041732
0118 126 25 126 126 3.739334320683838
0118 264 88 126 126 0.3580091125384115
0118 168 201 168 168 0.4620625068398567
0118 201 268 168 168 0.8678977495708295
0118 67 0 224 224 1.335355109933289
0118 89 67 224 224 1.4304769144343936
0119 75 50 126 126 0.4081161539195364
0119 163 50 126 126 0.32207082735635595
0119 176 88 126 126 0.7504188461368813
0119 138 176 126 126 0.11400185368052007
0119 151 134 168 168 1.1145162911250281
0119 134 0 224 224 1.5667146993635015
0119 89 44 224 224 1.2488980597897807
0119 29 29 298 298 0.06012434063245564
0120 25 63 126 126 1.0361276454912058
0120 302 138 126 126 0.9940913354710119
0120 63 214 126 126 0.14967553903784392
0120 117 0 168 168 1.2900677276827537
0120 100 50 168 168 0.6031503711617461
0120 218 50 168 168 0.30883297614286676
0120 134 184 168 168 0.13846673328748693
0120 67 179 224 224 0.09457126724532827
0121 138 12 126 126 0.9451967643815351
0121 67 16 168 168 2.442620409555957
0121 134 184 168 168 0.542190915866513
0121 89 156 224 224 0.7563804160361087
0122 100 25 126 126 0.06857001445109745
0122 201 50 126 126 0.8118733725984839
0122 126 88 126 126 1.3760747218163942
0122 151 252 126 126 1.2885966365263357
0122 168 67 168 168 1.1053314718717502
0122 29 59 298 298 3.7986913535912663
0122 39 39 398 398 0.8869825292620135
0123 0 0 298 298 3.071125603489918
0123 0 59 298 298 1.009316041219563
0124 226 75 126 126 0.1939845130671074
0124 226 214 126 126 0.19479642068267822
0124 88 226 126 126 0.3006319560861357
0124 100 302 126 126 0.5122780713625161
0124 84 84 168 168 2.342550614446509
0124 67 112 224 224 1.2832141452142878
0124 134 224 224 224 0.20272371097757969
0124 0 39 398 398 0.20264548855425346
0125 151 0 168 168 3.5373501406554624
0125 184 16 168 168 1.5662182982684953
0126 163 50 126 126 1.2739375717553685
0126 67 44 224 224 2.7333636543824014
0126 89 29 298 298 0.8356474232621167
0126 59 119 298 298 1.3726844197715309
0126 0 39 398 398 0.16097313814475456
0127 214 75 126 126 0.0032334279073893413
0127 239 314 126 126 0.23074190473357703
0127 16 50 168 168 1.4969021929625796
0127 29 29 298 298 4.125530242888772
0127 0 39 398 398 1.4995107193878994
0128 126 50 126 126 0.19018938242311378
0128 189 163 126 126 0.014744216443205005
0128 277 226 126 126 2.872888468633164
0128 88 277 126 126 0.7839672951211014
0128 29 89 298 298 0.7036046494665698
0128 39 39 398 398 0.4886730074629213
0129 50 16 168 168 0.865884169541232
0129 168 218 168 168 0.045423519271707846
0129 29 29 298 298 4.215779810283266
0129 29 59 298 298 0.21463465923966396
0130 126 100 126 126 0.578057518757987
0130 37 113 126 126 0.9085811508464303
0130 88 201 126 126 0.17771162107032978
0130 75 239 126 126 0.23647968339150793
0130 113 327 126 126 0.2222344313611302
0130 33 50 168 168 1.1769315366161663
0130 0 0 298 298 2.766957883517307
0130 29 29 298 298 0.2652693700126747
0131 138 37 126 126 1.17321749699272
0131 12 63 126 126 0.012727496794241233
0131 112 156 224 224 1.0300429590986369
0132 25 25 126 126 3.523975757319704
0132 100 113 126 126 0.3291982571297467
0132 117 151 168 168 0.8899765675503204
0132 44 134 224 224 1.9330020554095881
0132 29 149 298 298 0.7832924334704785
0133 50 25 126 126 0.2786760053766102
0133 151 63 126 126 0.529624181324607
0133 75 113 126 126 0.22031553421197714
0133 226 176 126 126 1.2621950432564972
0133 134 134 168 168 0.10457261040369303
0133 134 268 168 168 1.0771093481505432
0133 29 0 298 298 3.907843186954551
0133 0 0 398 398 1.2601804799830916
0134 25 88 126 126 0.7454067252890582
0134 0 29 298 298 2.6161857274908016
0134 0 89 298 298 0.6266756379825438
0135 314 0 126 126 1.1749456509039646
0135 113 12 126 126 0.9262268497384412
0135 239 37 126 126 2.0036144630046238
0135 201 0 224 224 0.13590910342986717
0136 50 37 126 126 3.465784907331681
0136 163 189 126 126 0.3118932157647123
0136 22 0 224 224 1.0517853635008123
0136 134 134 224 224 0.41865941059745637
0137 88 88 126 126 3.9906658700690514
0137 113 226 126 126 0.02712902726284483
0137 100 67 168 168 0.14655605661914706
0137 84 84 168 168 1.863141669933384
0138 302 277 126 126 0.06386850525245791
0138 89 59 298 298 3.2557614451341124
0138 0 39 398 398 1.2133611564474904
0139 67 16 168 168 4.69739102685503
0139 84 16 168 168 2.553804438537327
0140 163 75 126 126 1.057480935412741
0140 75 88 126 126 1.945281575679246
0140 0 113 126 126 0.7660224632325026
0140 113 239 126 126 1.8957654753155566
0140 100 184 168 168 1.8504607007614595
0140 117 218 168 168 0.03834766344311902
0141 163 126 126 126 0.1508868704311226
0141 138 252 126 126 0.06427426433742767
0141 50 327 126 126 1.1304682761599452
0141 50 16 168 168 0.40025059856066036
0141 134 168 168 168 0.05987519462155433
0141 89 0 224 224 1.0234527312547925
0141 29 59 298 298 0.538182081230616
0141 59 59 298 298 1.057089253544973
0142 37 63 126 126 1.2948980942944672
0142 113 189 126 126 0.05487981663259234
0142 0 0 298 298 3.2621199234833966
0142 59 29 298 298 0.8898984909662886
0143 126 88 126 126 0.9563176835342801
0143 88 176 126 126 1.0988146987417622
0143 226 214 126 126 0.4240584032284005
0143 168 218 168 168 0.39756162950448015
0143 67 44 224 224 0.49844664210627343
0143 156 179 224 224 0.0016716008010462247
0144 63 12 126 126 2.8437424624187315
0144 201 0 168 168 0.5440608874321242
0144 16 100 168 168 1.1217958398535757
0144 89 67 224 224 0.7719603144485063
0144 0 0 398 398 1.1553758225543334
0144 0 39 398 398 0.6794835009038707
0145 25 0 126 126 1.2407377963370436
0145 113 88 126 126 1.3043821855515034
0145 37 100 126 126 1.0921195613752843
0145 138 126 126 126 0.5554204784327794
0145 89 22 224 224 0.4547521441252229
0145 29 59 298 298 1.5411628066483445
0145 89 149 298 298 0.2720932440622619
0145 0 39 398 398 1.6477517336950314
0146 176 25 126 126 3.6139128351258023
0146 176 277 126 126 0.006870122617101515
0146 184 50 168 168 1.097670136061197
0146 134 179 224 224 0.3768938864575375
0146 89 149 298 298 0.8633071151687091
0147 88 37 126 126 3.690439078096233
0147 117 184 168 168 0.5253401859642963
0147 22 224 224 224 1.050240762522435
0147 112 224 224 224 1.151991464595767
0148 100 100 126 126 1.697692403269457
0148 189 264 126 126 1.8699956518664749
0148 184 16 168 168 0.43792342874598944
0148 44 0 224 224 1.6815626057630197
0148 67 22 224 224 1.6537544056316165
0149 50 16 168 168 2.8721947376668595
0149 67 0 224 224 1.0083308488226521
0150 138 25 126 126 3.9733031298580954
0150 218 218 168 168 0.4890237264969528
0150 179 112 224 224 1.1733398753910933
0150 44 134 224 224 0.28048881212976084
0151 113 50 126 126 3.158200421594074
0151 89 0 298 298 1.0065088077296878
0151 119 29 298 298 0.7539232309625277
0152 0 29 298 298 5.078312106159274
0152 0 59 298 298 2.4954293941898413
0153 277 226 126 126 0.25184022844564424
0153 134 50 168 168 3.5479235189029623
0153 156 0 224 224 0.3419038847403044
0153 29 119 298 298 0.7988186920754288
0153 39 39 398 398 0.43113751065334327
0154 0 12 126 126 1.6221226014656622
0154 176 12 126 126 2.5829139082468373
0154 0 138 126 126 1.0095973363766007
0154 163 138 126 126 0.3437096003451643
0154 16 0 168 168 0.4744776328932403
0154 168 0 168 168 1.3894882595611762
0155 126 12 126 126 2.5317747487695215
0155 50 201 126 126 1.041459568606797
0155 226 226 126 126 0.32073442647902084
0155 218 0 168 168 0.35526632352207344
0155 22 134 224 224 0.2539573382725848
0155 22 156 224 224 0.12151038719980534
0156 113 88 126 126 2.8505065845145054
0156 252 84 168 168 0.043210272304122554
0156 22 0 224 224 0.852495492674052
0156 0 89 298 298 0.021227634116939953
0157 138 37 126 126 0.18022940050809666
0157 226 239 126 126 0.07610044591797305
0157 29 0 298 298 3.339225437264531
0157 39 0 398 398 0.3689954062772358
0158 126 0 126 126 0.7458646320062599
0158 264 151 126 126 0.5395582480903158
0158 235 252 168 168 0.016663133921383633
0159 239 63 126 126 1.4174897269092526
0159 218 50 168 168 0.5677864485239752
0160 67 50 168 168 3.6777138236700466
0160 89 201 224 224 0.25618295966501137
0161 113 50 126 126 1.8642001920650273
0161 201 75 126 126 1.2321696854685342
0161 44 44 224 224 0.036309992434098604
0162 138 63 126 126 1.1625169523010754
0162 149 0 298 298 0.18604030397341376
0163 226 226 126 126 0.4536592015554106
0163 84 201 168 168 0.24397301221847556
0163 29 29 298 298 5.035563940449492
0163 0 0 398 398 2.3056092261520007
0164 113 75 126 126 1.0984094114808158
0164 25 239 126 126 0.25900378382152667
0164 264 264 126 126 0.6664585433807133
0164 67 84 168 168 0.9610646339403957
0164 50 100 168 168 0.143431359885426
0165 12 0 126 126 0.0140837719643514
0165 201 37 126 126 0.32419893635756125
0165 126 138 126 126 1.597344385938186
0165 126 264 126 126 0.4288068143121109
0165 168 67 168 168 0.499050638199833
0165 67 268 168 168 0.22239860261993272
0165 59 0 298 298 0.21342755579621553
0166 100 12 126 126 1.6963597588453467
0166 75 126 126 126 0.4150654773673068
0166 189 214 126 126 0.14059633785450387
0166 100 285 168 168 0.8590082958087351
0166 22 22 224 224 3.3183499112544723
0166 112 179 224 224 0.038184781454901895
0166 156 224 224 224 0.3309597740278605
0167 151 126 126 126 1.2686263582052106
0167 50 163 126 126 0.1696670068538424
0167 126 314 126 126 0.24561859547770837
0167 33 84 168 168 2.0848027164663563
0167 0 59 298 298 3.515319141971986
0167 29 89 298 298 1.6825044562190214
0168 126 12 126 126 1.0919832879860678
0168 63 25 126 126 0.06298476536699127
0168 226 277 126 126 0.6335034865094258
0168 84 67 168 168 3.2245522521532166
0168 100 151 168 168 0.6779584554367375
0168 29 0 298 298 4.953642719372283
0168 29 29 298 298 1.9416810839663867
0169 113 214 126 126 0.32922840086189353
0169 218 134 168 168 1.1520536794539566
0169 67 67 224 224 4.007484550753134
0169 29 89 298 298 1.3345122611842726
0169 39 39 398 398 0.15976461024342825
0170 176 37 126 126 3.2832680484477805
0170 12 264 126 126 0.45334649177470965
0170 33 117 168 168 0.14190564480463763
0170 100 117 168 168 0.07123024285624524
0171 100 113 126 126 2.2257648193024124
0171 0 168 168 168 0.5966601707966674
0171 0 184 168 168 0.09793718706146137
0172 100 12 126 126 1.1128304687788386
0172 277 239 126 126 1.8530908683148937
0172 117 235 168 168 0.6037496082769849
0172 235 235 168 168 1.2762519082587005
0173 138 75 126 126 1.037515543901236
0173 151 113 126 126 0.32872602680231466
0173 12 302 126 126 0.17098383997449673
0173 117 151 168 168 0.6164704754462491
0173 84 218 168 168 0.9062326925902653
0173 0 29 298 298 5.1188389184951575
0173 0 0 398 398 1.4143131877988253
0174 88 12 126 126 1.3244220923349985
0174 37 100 126 126 0.2112831912288584
0174 12 138 126 126 0.07608046503241894
0174 0 29 298 298 2.2043841328465987
0174 29 29 298 298 0.08172387159515893
0175 44 0 224 224 2.5279479989164884
0175 0 39 398 398 0.3323295796633374
0176 277 88 126 126 2.2577622980222714
0176 201 0 224 224 2.0251334109032086
0176 0 112 224 224 0.009822913145171697
0177 214 0 126 126 0.3220425648376022
0177 113 126 126 126 0.27349262128495866
0177 37 138 126 126 0.9305888043361392
0177 163 252 126 126 0.20039205490843415
0177 0 84 168 168 0.3008968942647243
0177 268 100 168 168 0.7974988789771942
0177 201 218 168 168 0.08208886329316556
0177 268 218 168 168 0.05080345968394795
0178 50 25 126 126 0.10802949233561776
0178 138 189 126 126 0.3302658378286196
0178 0 0 298 298 0.42170769093877425
0178 0 29 298 298 0.7685026699598438
0179 16 0 168 168 1.2727921110397347
0179 67 16 168 168 2.5060500118977416
0179 179 134 224 224 1.414860529815769
0179 119 149 298 298 0.5708259774089584
0180 88 37 126 126 0.023999312628575353
0180 176 50 126 126 0.5259755794957073
0180 151 126 126 126 0.46827604102668374
0180 63 201 126 126 2.4504003766248843
0180 0 29 298 298 1.1894895767379694
0180 0 59 298 298 0.07584132527495058
0181 252 50 126 126 0.2607617468290755
0181 84 16 168 168 2.3205155240409567
0181 119 29 298 298 0.3123201222822445
0181 39 39 398 398 1.243588045797651
0182 176 126 126 126 0.4184683551118269
0182 277 214 126 126 0.16439671953207835
0182 50 239 126 126 0.7927007896266787
0182 134 22 224 224 3.118211361162821
0182 89 0 298 298 0.4420430443112764
0183 126 75 126 126 2.4499801989784373
0183 63 201 126 126 1.2640980023622888
0183 214 252 126 126 0.33057509703735377
0183 67 22 224 224 3.0150740411606876
0183 89 0 298 298 0.4689650297930257
0184 75 37 126 126 3.0842705134907646
0184 67 50 168 168 0.45351087855465266
0185 239 12 126 126 0.4197843857962198
0185 44 44 224 224 2.504461525166107
0185 29 29 298 298 0.7795126515172797
0186 126 37 126 126 2.9787786819194935
0186 44 112 224 224 0.05565393130177654
0186 224 179 224 224 0.6368668121920109
0187 117 67 168 168 1.9943497048932386
0187 184 100 168 168 0.11800518154427664
0187 59 0 298 298 0.8374143792004816
0187 0 0 398 398 0.9940103037495192
0188 151 75 126 126 0.26578814373874593
0188 100 184 168 168 0.5465512082134865
0188 50 201 168 168 0.9593552438143433
0188 29 0 298 298 3.3398076158753156
0188 39 0 398 398 0.3487384462694081
0189 88 75 126 126 0.407087025179635
0189 50 88 126 126 0.37713469027744395
0189 67 16 168 168 1.951141792172848
0189 134 151 168 168 0.34443409496248023
0189 67 0 224 224 0.8443367932538877
0190 37 75 126 126 0.05670457291648745
0190 189 239 126 126 0.5840979626425451
0190 37 252 126 126 0.10967858899471139
0190 22 67 224 224 1.9889843593898604
0190 22 89 224 224 0.6830113319936117
0191 63 163 126 126 1.294190724036298
0191 214 176 126 126 0.2120294923640813
0191 88 214 126 126 1.325643796493523
0191 168 218 168 168 0.5718228905514025
0191 59 119 298 298 0.37093328039713924
0192 201 201 126 126 0.11899301904281856
0192 264 327 126 126 0.060171840630346196
0192 84 117 168 168 3.747482947988601
0192 218 151 168 168 1.3373866345916667
0192 0 29 298 298 0.46501503365811914
0192 149 59 298 298 0.03688934107572095
0193 0 12 126 126 0.34966511225297836
0193 100 50 126 126 1.6739216587427563
0193 176 75 126 126 0.48383284772512525
0193 25 126 126 126 0.02918899367591621
0193 126 151 126 126 0.9141175267193375
0193 226 176 126 126 0.43722594425139505
0193 264 252 126 126 0.9369797796005059
0193 184 117 168 168 0.3030197177338323
0193 156 67 224 224 0.19053680340380197
0194 12 50 126 126 1.3797177635258322
0194 113 50 126 126 3.1762486096683915
0194 226 75 126 126 0.34320929682667156
0194 189 88 126 126 1.3230293429276117
0194 112 67 224 224 0.3465725641051449
0195 226 63 126 126 0.008218225984592209
0195 75 289 126 126 0.6609598867487421
0195 84 33 168 168 4.358647782899197
0195 16 218 168 168 0.14397544492180714
0195 29 0 298 298 0.5038546366465653
0196 138 25 126 126 1.2247897052272947
0196 138 138 126 126 0.27357225426180776
0196 151 0 168 168 1.1993894595996153
0197 113 189 126 126 0.269742262889622
0197 163 277 126 126 0.2606863097369114
0197 44 22 224 224 4.218247435723015
0197 22 89 224 224 0.5485585080657529
0197 29 29 298 298 1.2371635343713479
0198 88 25 126 126 3.396039535245791
0198 67 0 224 224 3.6284978230594334
0198 67 22 224 224 2.597897714547571
0199 63 25 126 126 1.040940011019984
0199 100 163 126 126 0.12373149985592136
0199 84 33 168 168 3.4917371888129765
0199 67 0 224 224 2.219388855706484
0200 201 12 126 126 0.5359832395968169
0200 100 25 126 126 1.9224350714409866
0200 201 100 126 126 0.037274851083338945
0200 12 201 126 126 0.39093876245692627
0200 25 239 126 126 0.24771929177745733
0200 37 277 126 126 1.3800217291698118
0200 201 314 126 126 0.3722897786553858
0200 67 0 168 168 0.023872540286674848
0201 25 12 126 126 1.2550536568139705
0201 63 226 126 126 0.29558776254793884
0201 112 0 224 224 0.07517852624528132
0201 0 89 298 298 0.2896210062369846
0202 0 12 126 126 0.612406063073422
0202 126 176 126 126 0.004515725404189652
0202 218 0 168 168 0.6707147282847927
0202 67 84 168 168 2.9462127089334444
0202 201 218 168 168 0.10921932645374
0202 29 0 298 298 0.025216911968300337
0203 113 88 126 126 4.170361168957015
0203 214 277 126 126 0.13632456341088073
0203 184 235 168 168 0.9544110726835697
0204 189 25 126 126 0.16615635828725317
0204 189 126 126 126 0.09550053264479175
0204 67 50 168 168 4.307885136678806
0204 0 0 298 298 0.8247357516645479
0204 0 29 298 298 0.1895220318963311
0205 176 25 126 126 3.564995971433518
0205 189 88 126 126 0.03407723040231758
0205 189 189 126 126 0.06400674320116195
0205 252 189 126 126 0.5938885502598623
0205 134 0 224 224 2.03665779463131
0205 134 22 224 224 1.57218950325273
0206 134 151 168 168 0.8316102072328704
0206 201 0 224 224 0.3646477691124801
0206 112 22 224 224 0.6174162819058893
0206 0 29 298 298 0.21078851255674635
0206 59 29 298 298 0.22580780394287103
0207 100 100 126 126 0.5937032981362336
0207 176 113 126 126 0.6920835311082101
0207 50 151 168 168 1.2634033585179623
0207 22 22 224 224 0.6526617194374467
0207 89 89 224 224 3.2035434384358723
0207 0 39 398 398 2.715937157232247
0207 39 39 398 398 0.8515137571646392
0208 100 138 126 126 0.38415309319475455
0208 44 0 224 224 2.913622271187478
0208 0 0 298 298 1.7881176999414947
0209 75 50 126 126 1.1927061590156427
0209 12 163 126 126 0.6969988717444267
0209 151 302 126 126 0.450436318371203
0209 184 0 168 168 1.0542214429858632
0209 33 168 168 168 0.2609642595614332
0209 0 22 224 224 1.7888645160107899
0209 29 0 298 298 0.6308944657846496
0210 12 63 126 126 2.5197946697933276
0210 277 63 126 126 1.5498745365891864
0210 126 163 126 126 0.49976755609327483
0210 189 214 126 126 0.34052228864106837
0210 0 67 168 168 0.2152892164720015
0211 201 88 126 126 0.11779169046872084
0211 302 113 126 126 0.12576373171555133
0211 226 126 126 126 0.3618038657712077
0211 151 0 168 168 0.50980814242007
0211 218 0 168 168 0.3046184343600089
0211 67 67 168 168 1.8363660814409286
0211 168 201 168 168 0.15881820873414654
0211 224 89 224 224 1.1362651927609022
0211 39 39 398 398 2.139516035594852
0211 79 39 398 398 1.784975845029976
0212 126 75 126 126 0.4270003831604754
0212 239 189 126 126 0.46229361529344715
0212 16 0 168 168 0.5239266167752703
0212 184 50 168 168 0.11826894229830032
0212 218 100 168 168 0.013910617138890302
0212 117 218 168 168 1.1104795914632177
0212 201 134 224 224 0.04259142382738901
0212 39 39 398 398 0.3750392543640828
0213 214 314 126 126 0.5345751497131914
0213 16 151 168 168 0.05678581302868224
0213 89 22 224 224 3.44787491216789
0213 0 29 298 298 0.0682056275306877
0213 59 29 298 298 0.1661656547637449
0214 264 0 126 126 0.5421238846881806
0214 252 88 126 126 0.24525504575808554
0214 112 22 224 224 3.1910184897549243
0214 44 44 224 224 0.977690492470856
0214 59 59 298 298 1.2765119213197522
0214 0 0 398 398 0.35245092329364525
0215 235 50 168 168 2.5996733196132027
0215 224 22 224 224 1.6209710700184132
0216 75 113 126 126 0.14060624289209045
0216 67 33 168 168 2.120670072470375
0216 50 201 168 168 0.34777957910932855
0216 22 22 224 224 0.01714900420279264
0217 75 37 126 126 2.119490751681724
0217 252 163 126 126 1.48553740553848
0217 119 59 298 298 1.9465894552101872
0217 119 89 298 298 0.22511582129459384
0218 214 226 126 126 0.5010668591764897
0218 168 50 168 168 4.321723006583625
0218 179 22 224 224 0.8559672638346001
0219 63 25 126 126 2.410227447353236
0219 75 126 126 126 0.13937059379327366
0219 277 126 126 126 0.6781494057338477
0219 50 16 168 168 1.9857253105708423
0220 37 138 126 126 0.6694043434961259
0220 163 138 126 126 1.4131124397733856
0220 75 264 126 126 2.1439294191638965
0220 113 289 126 126 0.36353011141704883
0220 0 59 298 298 3.9155072725968694
0220 0 39 398 398 0.4675937244371653
0221 12 88 126 126 0.4204624762548974
0221 44 67 224 224 2.623652131585686
0221 29 59 298 298 0.4957244379017993
0222 126 75 126 126 0.8956147470432825
0222 239 252 126 126 0.5721558160564655
0222 33 184 168 168 3.842749140499791
0222 201 156 224 224 1.5914703898140488
0222 22 179 224 224 1.0462958743062245
0223 50 25 126 126 1.296389114531621
0223 277 126 126 126 6.036656259311712e-06
0223 138 138 126 126 0.9154777173732782
0223 134 184 168 168 0.0009151947576810926
0223 100 218 168 168 0.6983689725145723
0224 126 63 126 126 0.22153016902825584
0224 201 277 126 126 0.357136830263471
0224 100 0 168 168 0.0584400074928908
0224 50 184 168 168 2.3679244156207915
0224 50 201 168 168 1.7702791300669105
0225 88 25 126 126 1.578690746447819
0225 50 151 126 126 0.5245109210788996
0225 239 163 126 126 1.0972442780528127
0225 113 252 126 126 0.8481257873625054
0225 214 264 126 126 0.40171548047305805
0225 44 156 224 224 0.8875366431291241
0225 29 119 298 298 0.24551857659912457
0226 126 100 126 126 3.275618559831628
0226 168 50 168 168 0.7747164525842436
0226 156 112 224 224 0.23054121339168887
0226 119 89 298 298 1.4077839722574481
0227 88 0 126 126 0.28369709975027035
0227 163 25 126 126 1.403701557193699
0227 63 151 126 126 4.003541652111153
0227 25 214 126 126 0.04529660122875612
0227 50 252 126 126 0.7987283043819389
0227 0 168 168 168 0.6265741209842872
0228 176 50 126 126 0.07998986926918406
0228 25 138 126 126 0.5665154553114462
0228 214 252 126 126 0.1451025585536172
0228 0 0 168 168 0.2766564413375363
0228 16 235 168 168 1.1619887569738694
0228 22 22 224 224 2.813119166434035
0228 29 29 298 298 0.2661214208617366
0229 134 16 168 168 2.1977512872815623
0229 67 67 224 224 1.286995812113446
0230 100 16 168 168 4.3935846887450225
0230 67 0 224 224 0.7465933484907055
0231 277 12 126 126 2.215158823628144
0231 168 151 168 168 0.03350661594390658
0231 44 0 224 224 0.33317554049222053
0231 44 44 224 224 0.010033704309307723
0232 176 113 126 126 0.5975178409478303
0232 126 239 126 126 0.9817704887225318
0232 117 184 168 168 0.8346100004107484
0232 89 22 224 224 2.090916098318985
0232 0 89 298 298 2.961295468941671
0232 0 39 398 398 0.3737164761457734
0233 12 50 126 126 0.20212838589736748
0233 117 84 168 168 2.8536519086535463
0233 184 285 168 168 1.7903315693818058
0233 0 29 298 298 4.058515365779158
0233 29 59 298 298 0.7449927104078142
0234 50 151 126 126 0.2253114802131222
0234 126 151 126 126 1.1856842270333345
0234 12 289 126 126 0.15227598776777995
0234 44 67 224 224 4.393017387204736
0234 0 59 298 298 0.048111344591006855
0235 44 112 224 224 0.914853878324493
0235 67 112 224 224 0.5139105350515365
0236 75 12 126 126 1.177043788896981
0236 33 33 168 168 0.7400039293186182
0236 44 67 224 224 1.5932618519925654
0236 29 0 298 298 1.6157569888871421
0237 138 151 126 126 0.993076318334488
0237 134 0 168 168 5.335487437832626
0237 89 0 298 298 0.24943111717379907
0237 149 119 298 298 0.4998315370155524
0237 39 0 398 398 2.462553684459408
0238 314 113 126 126 0.20731838714505102
0238 252 126 126 126 0.9244705586149848
0238 67 44 224 224 1.9773759149882153
0238 89 44 224 224 0.7348620988102539
0239 214 50 126 126 0.12062102872528158
0239 88 226 126 126 1.5041721292925558
0239 117 33 168 168 2.1637012365224564
0239 59 0 298 298 0.3710438634714137
0240 88 25 126 126 3.625411667844446
0240 176 239 126 126 1.108542622217783
0240 112 134 224 224 0.3263344084896289
0241 126 88 126 126 1.846783526756326
0241 100 100 168 168 1.4796005317527943
0241 184 252 168 168 0.8208269732838289
0241 89 22 224 224 0.9281054528671575
0241 89 67 224 224 1.1905679443568715
0242 100 25 126 126 2.593576372351663
0242 0 119 298 298 0.18206841500591509
0242 29 119 298 298 0.2132467583703601
0243 163 75 126 126 1.4726778784004182
0243 134 22 224 224 0.130971469557835
0244 100 25 126 126 0.22355276997200235
0244 201 37 126 126 0.14170629883824404
0244 214 126 126 126 0.34136968505276855
0244 252 163 126 126 0.911336371054631
0244 226 214 126 126 0.5956737908252308
0244 84 117 168 168 1.2863229484844396
0244 44 44 224 224 2.5857764909794696
0244 0 0 298 298 0.3745973113088894
0245 75 0 126 126 2.301378052563223
0245 138 126 126 126 0.2650209155524408
0245 50 214 126 126 1.3504733589631996
0245 214 214 126 126 0.49656465874954847
0245 214 314 126 126 0.19914863248209258
0245 0 84 168 168 1.5154283237623076
0245 184 235 168 168 0.5216048810304983
0245 0 119 298 298 1.9974097060382974
0245 0 39 398 398 0.9662420806614591
0246 0 0 126 126 0.5125540479764368
0246 25 113 126 126 1.918604997457578
0246 100 138 126 126 0.6742898367426733
0246 67 33 168 168 0.9173688082353237
0246 67 235 168 168 1.3800142098532433
0246 0 89 224 224 1.7084902810363474
0246 0 0 298 298 0.0003962963071444392
0247 126 12 126 126 1.2028538880820179
0247 314 151 126 126 1.66248109959065
0247 12 163 126 126 0.1849652577127472
0247 12 226 126 126 0.6998907157737904
0247 134 84 168 168 0.23218602929932786
0247 112 0 224 224 2.611063137233714
0247 112 22 224 224 1.8288857644126892
0248 50 0 126 126 2.8664138906658536
0248 88 151 126 126 0.6890576486309783
0248 100 264 126 126 0.06695955667032649
0248 0 89 224 224 0.08598595165472034
0249 126 63 126 126 0.05434935280004538
0249 189 138 126 126 0.0413664919230996
0249 112 44 224 224 3.42249049819452
0249 119 29 298 298 0.47820245211710244
0250 63 37 126 126 2.6569009598731554
0250 33 16 168 168 0.782736281978714
0251 239 12 126 126 0.35287660980043256
0251 264 138 126 126 0.6527765429252668
0251 126 151 126 126 0.9186962226210653
0251 235 50 168 168 0.36675872160935796
0251 84 201 168 168 0.12219185521621512
0251 59 29 298 298 1.9969375589259926
0251 89 29 298 298 0.12889450675515945
0252 50 0 126 126 3.178021821802531
0252 0 100 126 126 0.16007339057773606
0252 189 226 126 126 1.1098508751872487
0252 184 50 168 168 0.03939261588470799
0252 168 100 168 168 0.0745963901115374
0252 33 184 168 168 0.533129543988025
0253 134 67 168 168 1.446769676489339
0253 29 29 298 298 5.825090558113288
0253 0 39 398 398 1.5935455014021045
0254 88 75 126 126 0.5573669761777182
0254 151 100 126 126 0.6005062429228474
0254 252 33 168 168 2.6327234233010586
0254 179 0 224 224 0.06553493247861297
0254 59 89 298 298 0.3078231966844669
0255 201 12 126 126 3.5226241030957226
0255 25 214 126 126 1.1228088235636733
0255 22 156 224 224 0.3429823412859605
0255 0 0 398 398 1.0753110907951395
0256 88 214 126 126 0.5358550413782268
0256 0 252 126 126 0.012092109927607453
0256 126 277 126 126 0.9609065879828904
0256 252 0 168 168 0.31513251986848445
0256 67 50 168 168 2.082026345427721
0256 16 67 168 168 0.5811571455467401
0256 89 22 224 224 0.0790652158445937
0256 149 0 298 298 0.33936821604379475
0257 163 63 126 126 0.41664262273638997
0257 134 218 168 168 1.2692672019527436
0257 201 0 224 224 0.6650992818010764
0257 0 39 398 398 0.5655587997878229
0257 39 39 398 398 0.09069808391882361
0258 0 264 126 126 0.7059528666629831
0258 134 33 168 168 3.6201496038099776
0258 112 22 224 224 0.9527524753118541
0259 100 88 126 126 1.9251756997525717
0259 25 314 126 126 0.22958908416853774
0260 201 163 126 126 0.03286299681872151
0260 176 201 126 126 0.7644960045270182
0260 0 239 126 126 1.0013085057341868
0260 176 277 126 126 0.43243916744336275
0260 50 16 168 168 3.784980048634452
0260 44 0 224 224 1.7171019302384138
0261 88 37 126 126 0.37472269331715324
0261 176 37 126 126 3.203601287464835
0261 63 151 126 126 0.6883459911457521
0261 29 0 298 298 1.620075107848379
0261 59 0 298 298 0.608097477799447
0262 88 12 126 126 1.5523616332918664
0262 113 50 126 126 0.15259407019561877
0262 189 138 126 126 0.3266497155689194
0262 126 163 126 126 1.3547371994407058
0262 189 302 126 126 0.7819357594541998
0262 134 201 224 224 0.7669105460206538
0262 59 149 298 298 0.789038820961423
0263 100 0 126 126 1.159791333162275
0263 302 12 126 126 0.1716738082302527
0263 100 100 126 126 0.18686934809898048
0263 252 84 168 168 0.11868421113990735
0263 84 100 168 168 0.6286395383410763
0264 201 264 126 126 1.2766572309171806
0264 44 0 224 224 2.5531893350978407
0264 112 156 224 224 1.5445420136945813
0264 59 149 298 298 0.6942264327351495
0265 126 50 126 126 1.046473490501512
0265 50 63 126 126 0.18431672930250897
0265 44 22 224 224 0.12053844850538553
0265 29 29 298 298 0.12913750159873416
0266 0 0 126 126 2.2452714116495827
0266 12 63 126 126 1.9931949875588089
0266 168 151 168 168 3.364687002931305
0266 89 59 298 298 2.1634169825026675
0266 119 59 298 298 1.0512168353141078
0267 214 37 126 126 1.4301671013070063
0267 151 302 126 126 0.6866606522287384
0267 89 224 224 224 0.3138715621951178
0267 79 0 398 398 0.3089789382845538
0268 0 50 126 126 1.540744649870021
0268 126 113 126 126 0.1803762343604376
0268 126 264 126 126 1.7842478165164266
0268 134 50 168 168 2.2976492056675397
0268 0 44 224 224 0.014766236968853264
0268 89 134 224 224 0.33668624881624964
0269 201 75 126 126 0.5914346222032236
0269 37 214 126 126 0.31000192996521037
0269 100 100 168 168 1.1196009049360782
0269 201 0 224 224 0.7308733056831898
0270 138 63 126 126 2.9166233091871163
0270 252 218 168 168 0.20899267752770356
0270 29 29 298 298 0.12194486713065089
0271 75 163 126 126 0.29456183222441723
0271 163 277 126 126 0.13919080935534112
0271 0 289 126 126 0.1320939571503459
0271 44 67 224 224 5.053851740520031
0271 29 89 298 298 0.021069246043907697
0271 0 0 398 398 0.2862869810394386
0272 100 12 126 126 2.702655722297777
0272 117 67 168 168 0.05946770393143197
0272 50 117 168 168 0.15654147670807106
0272 168 235 168 168 0.25276633850239705
0272 134 89 224 224 0.5468628982177961
0272 0 119 298 298 0.15654993526345606
0273 75 12 126 126 0.8783499537728403
0273 12 151 126 126 1.3471952407905974
0273 168 16 168 168 1.3088464747395392
0273 184 168 168 168 1.0663189029853584
0273 50 201 168 168 0.5672592052922028
0274 239 37 126 126 2.7465248176429213
0274 113 63 126 126 0.5994535696497678
0274 201 22 224 224 0.02846639243739446
0275 126 50 126 126 0.6117733085609416
0275 67 134 168 168 0.9237713204472584
0275 44 44 224 224 2.8239530514890703
0275 0 29 298 298 0.215505278550836
0276 75 25 126 126 1.617283973309668
0276 88 75 126 126 0.0163749815671963
0276 126 113 126 126 0.02729980403614718
0276 189 226 126 126 0.5900750051857813
0276 75 314 126 126 0.9746263209651715
0276 50 201 168 168 0.0016866114144704625
0276 89 22 224 224 1.908266755408249
0276 59 119 298 298 0.26152275669096525
0277 100 37 126 126 3.7262475579534566
0277 0 117 168 168 2.0355761461739803
0277 134 184 168 168 0.5488910893161574
0277 0 218 168 168 0.781309842741166
0277 59 149 298 298 0.07786409115738024
0278 226 63 126 126 2.6007445555276263
0278 126 226 126 126 0.1734482884182853
0278 218 50 168 168 0.2995038395145002
0279 37 0 126 126 2.6169454435128046
0279 100 163 126 126 0.5710838966967913
0279 285 16 168 168 1.8240473179737364
0279 0 67 224 224 0.9797833687678121
0279 44 112 224 224 0.7384152963402357
0279 0 119 298 298 0.27412532185348937
0280 88 63 126 126 0.0374821241182417
0280 189 126 126 126 1.8869610356539397
0280 138 302 126 126 0.3407932409224941
0280 37 314 126 126 0.10326974193390015
0280 84 0 168 168 0.4011305414585422
0280 67 117 168 168 0.8108789173254536
0280 0 134 224 224 1.2136673757975132
0280 44 201 224 224 0.14851857283588288
0281 138 189 126 126 0.06897913884108675
0281 75 201 126 126 0.22540217926666628
0281 50 134 168 168 2.0085832232778102
0281 112 89 224 224 0.060995469806357505
0281 119 29 298 298 0.2864772157606694
0282 201 314 126 126 0.3263413757720173
0282 84 168 168 168 1.3893201062944627
0282 0 252 168 168 0.6622948234341948
0282 0 29 298 298 6.0450010690817635
0282 29 59 298 298 0.8827797659375847
0283 44 0 224 224 2.061587038040443
0283 67 0 224 224 1.8183918058691688
0284 88 12 126 126 0.4262911770545088
0284 189 25 126 126 0.06122317982749337
0284 12 63 126 126 0.2615879715719984
0284 163 63 126 126 0.3633635662897632
0284 16 100 168 168 0.2209688529962932
0285 113 151 126 126 0.18885824535186657
0285 239 214 126 126 0.21226939128769118
0285 100 67 168 168 3.6053828100464216
0285 29 0 298 298 3.1312774153318514
0285 29 29 298 298 0.9684446384906096
0286 138 50 126 126 0.41556215262039586
0286 214 252 126 126 0.5754031422818571
0286 44 89 224 224 3.5444825482170472
0286 29 59 298 298 0.15282782313238386
0287 189 0 126 126 0.9904704738780765
0287 134 89 224 224 0.9284139394928843
0287 59 0 298 298 0.3269776303766321
0288 126 50 126 126 0.41036019078978825
0288 138 88 126 126 1.0439252125413532
0288 117 184 168 168 1.8405725492391412
0288 29 29 298 298 3.6238863978776408
0288 0 0 398 398 1.977376158987454
0289 214 0 126 126 0.33288979724397905
0289 252 37 126 126 0.43117380851413145
0289 0 126 126 126 0.47258299939653625
0289 176 151 126 126 1.2250995665287974
0289 201 201 126 126 0.5327643538892062
0289 84 100 168 168 0.6783906467733232
0289 134 134 224 224 0.9171647715900235
0289 119 59 298 298 1.0750265020885763
0290 50 33 168 168 4.337946916993815
0290 67 89 224 224 0.03262871848505711
0291 25 163 126 126 0.7696245129316139
0291 138 163 126 126 1.8506728729678343
0291 117 16 168 168 0.6400020980706813
0291 44 156 224 224 3.169766733057031
0291 0 29 298 298 2.7894467987696316
0291 0 39 398 398 0.7875399005622512
0292 163 151 126 126 0.2845918012733364
0292 201 163 126 126 0.03960081245691072
0292 100 277 126 126 0.08567678535996492
0292 0 0 398 398 2.1839050839605534
0292 39 0 398 398 0.07370413659168662
0293 117 16 168 168 0.37203410783490654
0293 134 84 168 168 1.0927965373464303
0293 0 168 168 168 0.9138082117767681
0293 134 67 224 224 0.9340080148010657
0294 113 25 126 126 2.2530493750289224
0294 201 0 168 168 0.11601559598580025
0295 50 25 126 126 1.2665004035713991
0295 235 117 168 168 0.48729766449628187
0295 84 151 168 168 0.38665705214748414
0295 252 168 168 168 0.7576745941166791
0295 201 134 224 224 0.20195100911746522
0296 239 75 126 126 0.5186383712477891
0296 100 239 126 126 1.3063104492009643
0296 67 184 168 168 1.2207617629080687
0296 84 252 168 168 0.8097907698372637
0296 59 149 298 298 0.10495942924694646
0297 126 37 126 126 1.4632342431339111
0297 176 37 126 126 1.3469424623597206
0297 88 63 126 126 1.2186420162595368
0297 214 75 126 126 0.5370795537289723
0297 163 151 126 126 0.265109436046032
0297 0 176 126 126 0.2084218322977449
0297 89 29 298 298 3.2250380071106974
0297 119 29 298 298 0.20824054031049855
0298 25 12 126 126 2.957396471427046
0298 302 189 126 126 1.1033803186126079
0298 184 33 168 168 0.018835118744163992
0298 268 33 168 168 0.8178289693948955
0298 224 134 224 224 1.1926839953791841
0298 149 59 298 298 1.0706051135910002
0299 113 12 126 126 0.32511771300573855
0299 100 100 126 126 2.621303767749623
0299 214 100 126 126 0.37686073207237314
0299 138 151 126 126 0.7054617158189558
0299 163 201 126 126 0.24589475252082593
0299 176 239 126 126 0.4009911276859839
0299 50 252 126 126 0.8153893991673158
0299 168 0 168 168 0.5473675526716306
0299 67 67 224 224 0.8416765227063934
0300 163 25 126 126 2.564314096334556
0300 63 37 126 126 0.6172154782304915
0300 214 138 126 126 0.18785268440637992
0300 63 163 126 126 0.45923779198142256
0300 100 134 168 168 1.846110290576462
0300 134 184 168 168 0.5917877950757884
0301 50 126 126 126 1.0412542778628904
0301 138 138 126 126 0.11942328476811781
0301 138 302 126 126 0.39637135661700995
0301 0 29 298 298 3.9746511708560774
0301 29 59 298 298 0.9560565921544821
0302 289 189 126 126 0.04142128472244622
0302 151 252 126 126 0.4773751843147238
0302 100 50 168 168 4.448426613844049
0302 67 44 224 224 1.0324189202926846
0303 189 0 126 126 0.7825521028260027
0303 138 12 126 126 1.9512762885622124
0303 163 37 126 126 0.228307432529391
0303 302 214 126 126 0.21696134451281068
0303 112 0 224 224 0.17286179808957058
0304 289 12 126 126 0.18590481191290564
0304 25 151 126 126 1.0333729376195606
0304 226 163 126 126 0.44557635469914203
0304 189 226 126 126 0.03674685297096403
0304 201 226 126 126 0.7153746210076406
0305 50 184 168 168 0.9266511264411292
0305 134 22 224 224 3.506986070262201
0305 39 0 398 398 0.012033219294380615
0306 189 37 126 126 1.876931507582185
0306 100 252 126 126 1.529985768944016
0306 151 134 168 168 0.6925081574934211
0306 151 218 168 168 1.09788209433259
0306 112 0 224 224 1.9019666273140956
0306 112 22 224 224 0.17740041494630532
0307 163 138 126 126 0.06815749283646255
0307 75 163 126 126 1.4209362908202365
0307 113 201 126 126 1.102967761120226
0307 117 252 168 168 0.335793973126556
0307 29 0 298 298 4.206688604446526
0307 59 149 298 298 0.6678685440690515
0308 201 37 126 126 1.982148446147903
0308 100 63 126 126 0.05087009139037946
0308 314 138 126 126 0.5840281810867509
0308 25 226 126 126 0.57967542590427
0308 201 33 168 168 0.5837776351306729
0309 75 25 126 126 3.377893798771538
0309 201 214 126 126 0.007230231623680083
0309 75 277 126 126 0.3581369910295962
0309 126 327 126 126 0.505759647230434
0310 75 25 126 126 3.6019653653836485
0310 184 67 168 168 1.1526148490863761
0310 89 156 224 224 0.3460977295524117
0310 0 0 398 398 0.12788623680330602
0311 50 37 126 126 0.052903294466659645
0311 37 138 126 126 0.6456048083034602
0311 50 218 168 168 0.9940959578868842
0311 0 134 224 224 0.27706145842034857
0311 0 156 224 224 0.4560364582191596
0312 37 25 126 126 3.2343576582259175
0312 327 50 126 126 1.122436276358485
0312 138 126 126 126 0.37227372035499684
0312 33 33 168 168 0.001769279346035546
0313 113 37 126 126 4.352812475042583
0313 277 100 126 126 0.13786838958708358
0313 12 113 126 126 1.1958058296784202
0313 277 189 126 126 0.4764134188205844
0313 112 67 224 224 0.13749404340865112
0313 67 89 224 224 0.11333961519790137
0314 75 12 126 126 3.3336306753460576
0314 12 126 126 126 0.24493975332529772
0314 44 0 224 224 0.4869789625424801
0314 67 156 224 224 1.8317009422078172
0314 59 149 298 298 1.8957400229171526
0315 126 302 126 126 0.0036293705613843485
0315 151 100 168 168 3.137721905140779
0315 156 224 224 224 1.051153320482399
0315 119 29 298 298 2.6696837509277884
0315 119 59 298 298 0.4673549808774169
0316 218 67 168 168 1.735534051118293
0316 149 29 298 298 0.008409541185528724
0317 50 50 126 126 0.781732754583345
0317 163 75 126 126 0.5225586947542524
0317 134 151 168 168 0.39301430207501653
0317 117 218 168 168 1.8058557287129133
0317 0 29 298 298 3.1489453215669982
0317 59 89 298 298 2.3254730337846468
0317 39 39 398 398 0.5983756189941687
0318 50 0 126 126 0.16428436375804267
0318 0 63 126 126 0.3033276231487889
0318 126 88 126 126 1.1633666889154028
0318 37 138 126 126 0.5696632818851413
0318 138 176 126 126 0.5694340897150596
0318 201 239 126 126 0.26586994786862306
0318 63 252 126 126 0.3238928603511795
0318 168 252 168 168 0.24118574375256685
0318 67 268 168 168 0.6995825873798367
0318 59 0 298 298 1.0462187664868452
0318 0 59 298 298 2.9177519017882787
0318 0 119 298 298 1.5584101338588425
0319 50 0 126 126 0.20295674184831114
0319 126 100 126 126 1.5917901308546334
0319 264 176 126 126 0.010861321503170984
0319 235 151 168 168 0.1254576212647862
0320 25 50 126 126 3.585204307308004
0320 252 201 126 126 1.327398408835279
0320 67 179 224 224 0.28072222292917104
0320 0 224 224 224 0.2455533516529158
0321 289 12 126 126 0.20555475834203207
0321 37 37 126 126 3.538048634965662
0321 226 63 126 126 0.7108775478752705
0321 289 189 126 126 1.4028184709293328
0321 235 16 168 168 0.43717378456290135
0321 50 67 168 168 0.5246892350021426
0321 252 218 168 168 0.42034062765537783
0321 22 22 224 224 1.060412310854872
0322 138 75 126 126 0.07662927816795673
0322 50 16 168 168 1.3206722627417093
0322 89 89 224 224 0.10937414996237749
0323 50 16 168 168 4.977255364907023
0323 0 151 168 168 1.4088459169558973
0323 184 168 168 168 0.9528019355982451
0323 67 0 224 224 0.3211091735918217
0323 134 179 224 224 0.45086123216401575
0324 189 50 126 126 0.1603016417118397
0324 63 100 126 126 2.367319003327566
0324 189 277 126 126 0.3333367988432201
0324 0 22 224 224 0.3727273604943093
0324 67 44 224 224 0.4728968909746527
0324 59 0 298 298 1.4126904809652387
0325 314 12 126 126 0.10711522897850045
0325 277 25 126 126 0.06013736692489147
0325 176 75 126 126 0.06469710732721978
0325 214 214 126 126 0.46577275467075197
0325 67 0 168 168 3.431462686594159
0325 67 84 168 168 0.9984200675005468
0325 84 151 168 168 0.08950021839496003
0325 50 201 168 168 0.1987144355205146
0325 0 0 298 298 0.6059282346229793
0326 189 75 126 126 0.30920639382179615
0326 67 151 168 168 0.13999424497683322
0326 67 22 224 224 1.7298636628017903
0326 89 149 298 298 0.6236549110524265
0327 189 25 126 126 0.32924405653989197
0327 252 63 126 126 0.6076705557404694
0327 151 75 126 126 1.678712151433274
0327 176 176 126 126 0.5464955057157113
0327 63 239 126 126 0.3396516266200251
0327 50 151 168 168 0.8768636019865426
0327 119 59 298 298 0.6638609812923733
0327 39 0 398 398 0.1682404181099173
0328 117 33 168 168 0.8832023597694842
0328 100 84 168 168 1.0512425535614511
0328 0 59 298 298 1.8363730834441867
0328 29 59 298 298 1.6317909307451828
0329 226 0 126 126 0.6239588702353558
0329 75 25 126 126 0.805028625136174
0329 314 75 126 126 1.5273070083546827
0329 33 0 168 168 1.5265152672780005
0330 226 12 126 126 0.40921591341407293
0330 138 25 126 126 0.9734032757312434
0330 226 88 126 126 1.9627417654608053
0330 25 214 126 126 0.49614910452305594
0330 226 214 126 126 0.1629566645549403
0330 67 67 168 168 2.9843185192200963
0330 100 100 168 168 0.7246705417035173
0330 59 0 298 298 0.9668997748137826
0331 201 138 126 126 0.10134792045369068
0331 201 201 126 126 1.1159476299560538
0331 50 252 168 168 2.27921864184259
0331 0 201 224 224 0.44666175648831086
0332 100 25 126 126 0.9086390787977052
0332 314 113 126 126 1.515767692302461
0332 176 126 126 126 0.5682695297634837
0332 67 134 224 224 0.19894597122561208
0332 29 119 298 298 0.7572199958283363
0333 138 12 126 126 3.2153581696018136
0333 163 126 126 126 0.014577104220506953
0333 277 239 126 126 2.1970401112682794
0333 235 16 168 168 0.3210886875365304
0333 252 235 168 168 0.7218615039580527
0334 63 201 126 126 0.4230868138454298
0334 151 289 126 126 0.07510912639349954
0334 100 50 168 168 3.167128986182206
0334 0 179 224 224 1.5776113304580122
0334 0 201 224 224 0.8334686831128693
0335 151 0 126 126 1.8973097673131178
0335 151 12 126 126 2.2543714661931062
0336 176 126 126 126 2.60051774058752
0336 75 252 126 126 0.10241788512007588
0336 264 314 126 126 1.0830347394855835
0336 134 89 224 224 0.7313023705626165
0336 134 112 224 224 1.5693588534174978
0338 12 37 126 126 0.9442451575357609
0338 12 289 126 126 0.05603633656369311
0338 252 184 168 168 0.831696480794335
0338 224 22 224 224 4.66525959149817
0338 149 0 298 298 0.08336090603347657
0339 67 16 168 168 3.1769672826319493
0339 84 33 168 168 0.8952373630579586
0340 264 37 126 126 0.26045859679811656
0340 163 50 126 126 0.30526195394281785
0340 75 176 126 126 1.0956383515128891
0340 113 277 126 126 0.8677698256412896
0340 268 50 168 168 1.2094734355466699
0340 201 201 168 168 1.0357322909819686
0340 224 112 224 224 0.24738174665048973
0340 67 156 224 224 1.3670578986545934
0340 0 0 398 398 2.3519780068361342
0340 39 39 398 398 0.011880082585548735
0341 189 37 126 126 0.4357733194754019
0341 189 189 126 126 0.7021088032686293
0341 67 16 168 168 3.9110602849084444
0341 67 22 224 224 0.06928259603387232
0342 88 37 126 126 3.4622335793444563
0342 126 189 126 126 0.6978502141043919
0342 25 201 126 126 0.13144594355776462
0342 67 33 168 168 1.5857739340115131
0343 25 252 126 126 0.17290616325567498
0343 176 277 126 126 1.0085605604451757
0343 67 44 224 224 3.8396932522280167
0343 59 149 298 298 0.03577825705519899
0343 0 0 398 398 2.035840079768377
0343 39 0 398 398 1.64309581296925
0344 201 0 126 126 0.38001003015756396
0344 0 264 126 126 0.06436510780417848
0344 84 33 168 168 0.7039945229532805
0344 117 218 168 168 0.6796064098796251
0344 67 22 224 224 0.2093663043176548
0345 88 0 126 126 0.6016373649160869
0345 138 50 126 126 0.3187620871519812
0345 113 163 126 126 0.9451212343753923
0345 100 302 126 126 0.5386056334953082
0345 44 22 224 224 1.9090403874704407
0345 29 0 298 298 0.36961505344311263
0346 37 50 126 126 1.1281118213571517
0346 151 33 168 168 0.4041280421204192
0346 50 218 168 168 0.5957663309434338
0346 0 29 298 298 2.916161510843949
0346 29 149 298 298 0.59503515803749
0346 0 39 398 398 0.9414517158199942
0347 88 12 126 126 1.2673671546051537
0347 44 0 224 224 3.953679493633672
0347 44 44 224 224 0.5736275776050661
0348 176 12 126 126 0.17654283519891578
0348 201 50 126 126 0.037911387129270224
0348 138 151 126 126 2.551468618364879
0348 201 214 126 126 0.1387757777463321
0348 201 289 126 126 0.7178036072489249
0348 100 16 168 168 0.4465890357439548
0348 112 201 224 224 0.2094632923960944
0348 59 29 298 298 1.6937998652117585
0348 39 39 398 398 0.6785579329714437
0349 37 0 126 126 0.1619639154939705
0349 138 12 126 126 1.9707985996626576
0349 226 50 126 126 0.5842933505389283
0349 201 151 126 126 0.5326204842037896
0349 29 29 298 298 0.45115085528755117
0350 63 25 126 126 0.3339721571080645
0350 126 50 126 126 1.1841591527679611
0350 44 67 224 224 2.1326588201679897
0350 29 59 298 298 0.6219633108537437
0351 100 37 126 126 1.9043728842277687
0351 189 302 126 126 0.06328038892911536
0351 184 100 168 168 0.10429796105540845
0351 67 156 224 224 0.9908334542321882
0351 29 149 298 298 1.1063347528522627
0352 75 25 126 126 2.809812883036784
0352 100 75 126 126 0.21684019710460234
0352 50 176 126 126 0.08549635217582363
0352 151 151 168 168 3.171286443530107
0352 44 0 224 224 0.022706858156880116
0352 112 112 224 224 0.8708302934080621
0353 252 63 126 126 0.21006299687519459
0353 84 33 168 168 2.4581926588050464
0353 218 268 168 168 0.14572745690179545
0353 67 22 224 224 1.71602850533759
0354 50 0 126 126 0.08881099481163801
0354 151 12 126 126 0.839442516711415
0354 189 88 126 126 0.1122047299775204
0354 75 138 126 126 0.4476714722457018
0354 189 176 126 126 0.744958041961354
0354 25 226 126 126 0.28190076198166025
0354 0 44 224 224 1.3126239360769887
0354 59 29 298 298 0.0017487466736838542
0355 214 37 126 126 3.993037822465112
0355 88 113 126 126 0.8147137170869883
0355 117 16 168 168 0.16555150111321382
0355 184 50 168 168 0.08898034861135784
0356 25 0 126 126 0.4384909636407883
0356 126 25 126 126 0.09024847241903444
0356 226 25 126 126 1.61697585597517
0356 235 16 168 168 0.3005632691908886
0357 75 50 126 126 0.01090430944691434
0357 113 88 126 126 0.372683147061025
0357 138 138 126 126 0.24856645578779535
0357 100 84 168 168 0.0036894980491979368
0358 88 189 126 126 0.21440369053539143
0358 67 16 168 168 1.1548351078943142
0358 84 268 168 168 0.44703808514691445
0358 22 44 224 224 2.466130746664703
0358 67 89 224 224 0.3707049592755993
0358 0 29 298 298 1.45682766130426
0359 201 12 126 126 0.07825936942913359
0359 138 88 126 126 1.5004372707896891
0359 84 16 168 168 1.181610859579223
0359 29 0 298 298 0.9670573508681173
0359 59 0 298 298 0.45806488135508516
0360 100 63 126 126 3.8938854783025363
0360 67 67 224 224 0.32945348744192415
0360 29 29 298 298 0.13513889111140998
0361 151 88 126 126 2.8096406404999925
0361 0 239 126 126 0.24750951261171394
0361 112 22 224 224 2.2302003802813033
0362 126 88 126 126 0.8742475605665732
0362 112 0 224 224 2.8011902440100584
0362 89 0 298 298 0.2703608803183215
0363 100 25 126 126 0.8696913235960437
0363 100 189 126 126 0.11957150782632198
0363 184 67 168 168 2.3385031743798663
0363 179 112 224 224 0.04623368333500366
0364 126 151 126 126 0.025468443671115892
0364 63 189 126 126 0.0608706731707116
0364 44 67 224 224 3.8499031134322195
0364 29 89 298 298 0.35377735637825936
0365 50 25 126 126 2.097416327674864
0365 25 176 126 126 0.37029914631216343
0365 0 117 168 168 1.8946788944356285
0365 252 151 168 168 0.5824474357266354
0365 0 156 224 224 0.6140905581394236
0366 100 75 126 126 2.4798208437184712
0366 264 75 126 126 0.03683875359797639
0366 264 126 126 126 0.28996703091047493
0366 264 264 126 126 0.5640037905448025
0366 268 151 168 168 0.36046859367138495
0366 112 179 224 224 0.146222865046866
0367 25 151 126 126 0.47384113764360336
0367 226 252 126 126 0.8263811901249483
0367 0 89 224 224 0.19103155207062628
0368 25 63 126 126 0.5712248988982083
0368 138 138 126 126 0.32766402319043664
0368 163 302 126 126 0.5059034167913978
0368 84 50 168 168 1.6733980348924433
0368 84 184 168 168 0.7095701394116531
0368 201 218 168 168 0.014342987609552438
0368 0 29 298 298 4.117861586882782
0368 0 89 298 298 1.748082120718891
0369 33 252 168 168 2.0924439503630765
0369 0 44 224 224 3.687647923468603
0369 0 149 298 298 0.022949933079644325
0370 327 37 126 126 0.13211958046827021
0370 63 63 126 126 0.7093216377013505
0370 126 75 126 126 0.3683736503351156
0370 0 88 126 126 0.4898763110593336
0370 239 201 126 126 0.1049462019125258
0370 0 226 126 126 1.0731915067060527
0370 327 314 126 126 0.0945892632205414
0370 184 50 168 168 1.5788069954994626
0370 22 0 224 224 0.8469977256224865
0370 44 44 224 224 0.08352151106169003
0371 88 113 126 126 1.9348042031176647
0371 22 44 224 224 2.8981864406139266
0371 0 0 298 298 0.22219008332990597
0372 176 25 126 126 1.453885303378911
0372 264 75 126 126 0.8395321104014783
0372 63 126 126 126 0.03587395045701669
0372 214 151 126 126 0.09275643874366324
0372 89 0 298 298 0.5484827702364328
0373 75 25 126 126 0.29029892712947003
0373 226 50 126 126 1.2370038974602267
0373 50 67 168 168 1.164903076312612
0373 134 134 168 168 1.624228713173352
0373 89 29 298 298 1.3808892513968658
0373 29 89 298 298 0.2522187846750512
0373 0 39 398 398 1.0399030583337208
0374 37 113 126 126 1.283703216560525
0374 151 126 126 126 1.2328268368635236
0374 0 29 298 298 4.602689435055936
0374 0 59 298 298 0.7141926771562339
0375 302 126 126 126 0.1258263064135008
0375 25 138 126 126 0.8611198429914566
0375 89 0 224 224 2.16649947532801
0375 224 89 224 224 0.3770879055716705
0376 50 50 126 126 0.36780993856314126
0376 179 22 224 224 2.9325498857340335
0376 149 29 298 298 0.2307272466039194
0377 176 100 126 126 0.6361127336183472
0377 100 201 126 126 0.8104104620849739
0377 100 50 168 168 1.9678132065362206
0377 0 201 168 168 0.5740997455775414
0377 59 29 298 298 1.444919316387086
0377 59 59 298 298 0.4869532331629216
0378 138 25 126 126 2.1253715176915193
0378 314 75 126 126 0.0392725619947214
0378 37 201 126 126 0.19385788633894663
0378 0 179 224 224 0.13994499947671102
0378 149 29 298 298 0.03920690221798395
0379 67 16 168 168 2.8135291229898485
0379 67 22 224 224 0.01111587402351688
0380 0 25 126 126 0.038621657591420444
0380 113 50 126 126 1.7804091743944355
0380 0 151 126 126 0.15826611176976257
0380 226 252 126 126 0.4929589389846569
0380 151 314 126 126 0.518376913909151
0380 67 0 168 168 0.03894885717977559
0380 184 218 168 168 0.2501465459188239
0381 264 0 126 126 0.5670051428585339
0381 176 12 126 126 0.15120197114970324
0381 113 75 126 126 0.9309333709441034
0381 126 113 126 126 0.8239940145338096
0381 151 239 126 126 0.7173068127428905
0381 100 16 168 168 0.8626443596201625
0381 67 100 168 168 0.6976617616508065
0381 59 0 298 298 3.865057409396968
0381 119 59 298 298 0.8916721750990746
0381 39 0 398 398 2.4032370500842717
0382 0 0 168 168 1.686687758481412
0382 151 100 168 168 0.5851534134105805
0382 0 134 168 168 0.13933321699528278
0382 89 134 224 224 2.536429052981248
0382 0 0 398 398 0.767889404783773
0383 126 37 126 126 0.8507269429881035
0383 126 113 126 126 0.012391310881639583
0383 163 163 126 126 1.6031143857451298
0383 37 176 126 126 0.31931100184533534
0383 113 252 126 126 0.291822446231663
0383 218 0 168 168 0.27571829133171377
0383 184 168 168 168 1.3452071199478723
0383 218 201 168 168 0.63419856984342
0383 151 235 168 168 0.4461523530242175
0383 22 134 224 224 0.041304349053234546
0383 179 156 224 224 0.2047251693418275
0384 189 50 126 126 0.3688312132487681
0384 201 226 126 126 1.0385104800204772
0384 22 44 224 224 4.612856162258822
0384 0 59 298 298 0.893566501441228
0385 289 12 126 126 1.7119060391830772
0385 25 226 126 126 0.2742860819178077
0385 268 201 168 168 0.17032980512681206
0385 224 0 224 224 3.0267614768797557
0385 224 44 224 224 0.6927325706326428
0386 50 0 168 168 1.5201194735834633
0386 33 201 168 168 1.2843130714443305
0386 0 149 298 298 0.20147420027728913
0387 138 12 126 126 2.424576567185568
0387 163 37 126 126 0.1345889747660749
0387 218 84 168 168 2.401132285381891
0387 0 0 398 398 0.29945730208214627
0387 79 0 398 398 0.03383778451620856
0388 88 25 126 126 1.0186530839689567
0388 89 22 224 224 4.082937871445893
0388 29 29 298 298 0.5725332006966255
0389 75 126 126 126 0.6522458905653821
0389 264 138 126 126 1.611798148760272
0389 50 33 168 168 0.7699743547325397
0389 151 33 168 168 3.662910984805194
0389 22 89 224 224 0.9279781692218876
0389 179 89 224 224 0.1224966725401373
0390 88 75 126 126 0.8279460054670835
0390 201 214 126 126 0.20205163571313278
0390 100 264 126 126 0.3931850251299238
0390 50 16 168 168 1.457540604181986
0390 67 67 224 224 3.5429846027961958
0390 59 59 298 298 0.9185639543263733
0391 252 25 126 126 1.5811694934798197
0391 201 117 168 168 0.22078172152191655
0392 63 75 126 126 0.7528216188782153
0392 88 138 126 126 1.0245909410566583
0392 0 67 224 224 1.8912561937593182
0392 59 0 298 298 0.1975523774215162
0392 0 29 298 298 2.0375236681118167
0393 176 100 126 126 4.30943215653474
0393 50 16 168 168 1.0715434144710798
0393 151 67 168 168 0.19073105099027998
0394 50 176 126 126 0.3656816356940453
0394 33 16 168 168 1.9318678272882153
0394 184 151 168 168 0.7516721686386063
0394 218 184 168 168 0.6093116375102454
0394 179 156 224 224 0.8706018261416375
0395 12 138 126 126 0.29075715503654465
0395 0 214 126 126 0.361192407295448
0395 218 252 168 168 1.2686934102873693
0395 33 268 168 168 0.46649937343840975
0395 89 44 224 224 4.720881887549467
0395 29 29 298 298 0.46852904801721706
0396 226 63 126 126 1.5384436871806884
0396 88 75 126 126 0.05276305757229238
0396 226 151 126 126 0.5984669599399695
0396 100 239 126 126 0.33502828801078977
0396 151 0 168 168 0.4176729301304931
0396 0 0 298 298 2.6606473777480915
0396 29 29 298 298 0.10962867930152242
0397 88 0 126 126 3.609117703779475
0397 252 151 168 168 0.3611493541300206
0398 214 25 126 126 1.1712885420545263
0398 88 138 126 126 0.5778846779774085
0398 264 239 126 126 0.051956263099555144
0398 0 218 168 168 1.462612980203403
0398 44 134 224 224 0.013136107581658507
0398 59 149 298 298 0.008273080564094926
0399 226 12 126 126 3.6486434313098925
0399 224 44 224 224 0.2551504965647382
0399 156 112 224 224 0.8529066509561289
0399 149 0 298 298 1.3966773987392571
0400 214 176 126 126 0.15594914844928098
0400 100 67 168 168 0.5742068130909956
0400 117 117 168 168 1.2911459111617205
0400 0 59 298 298 3.0115831097698447
0400 0 39 398 398 3.0262937437780693
0401 138 126 126 126 0.3749404634052098
0401 88 226 126 126 0.8175148957504916
0401 134 16 168 168 0.16907059563322946
0401 0 29 298 298 2.5522671304186133
0401 0 119 298 298 0.2743480184778946
0402 163 100 126 126 0.37961994331067217
0402 88 201 126 126 0.05344121591565454
0402 75 239 126 126 0.6773377383922252
0402 156 44 224 224 0.7971524874280931
0402 119 0 298 298 0.5799336168763602
0403 264 12 126 126 1.7632625217645455
0403 277 12 126 126 1.1297861356777048
0404 88 37 126 126 1.4225903319436384
0404 84 16 168 168 1.2402759312078615
0405 214 63 126 126 0.3285113190993343
0405 184 0 168 168 3.1809358338703078
0405 67 134 168 168 0.3664910939457968
0405 0 0 398 398 0.10914069734803888
0406 88 50 126 126 2.0220060472254318
0406 189 201 126 126 0.17608592636474896
0406 226 264 126 126 0.4499365523495271
0406 67 33 168 168 0.9669919405257588
0407 226 25 126 126 1.9776539486463207
0407 184 168 168 168 0.4914850025213582
0407 179 156 224 224 0.0020408563266300916
0408 25 75 126 126 1.6015320738204082
0408 289 176 126 126 0.15700906090728495
0408 235 16 168 168 2.0914661323893142
0408 22 134 224 224 0.8263023005399646
0408 44 134 224 224 1.0148558232447158
0409 289 12 126 126 0.446116359574944
0409 113 37 126 126 0.1256001201234085
0409 264 277 126 126 0.3823856509750385
0409 0 16 168 168 0.8971491066311046
0409 44 67 224 224 2.614687146107599
0409 224 201 224 224 0.308707274829203
0409 0 59 298 298 1.592714880714766
0410 176 37 126 126 2.4901080650213316
0410 63 138 126 126 0.2544130680669241
0410 33 151 168 168 0.750345223864997
0410 112 22 224 224 0.22595799931673355
0411 126 100 126 126 0.6126692762315997
0411 184 151 168 168 0.2088375809523768
0411 67 0 224 224 3.8306608332911765
0411 89 22 224 224 0.004592179908058824
0412 126 12 126 126 0.9095757477241477
0412 151 88 126 126 0.14667374260693578
0412 37 126 126 126 1.295148796159765
0412 163 201 126 126 0.4342721454502225
0412 33 0 168 168 0.07829350975748639
0412 84 67 168 168 0.8490236127306616
0412 134 117 168 168 0.3096191820711738
0412 0 168 168 168 0.12939009238266408
0412 112 134 224 224 1.6150520195349145
0412 0 0 298 298 0.04892992666805185
0413 168 201 168 168 1.622512579296881
0413 134 0 224 224 2.1894006666314
0413 0 156 224 224 0.27637780704912984
0413 156 179 224 224 0.11242872712114149
0414 277 75 126 126 0.12307854652840433
0414 151 16 168 168 1.5487821215190252
0414 67 44 224 224 0.525494223916894
0414 59 0 298 298 0.35488129539385227
0415 189 138 126 126 0.2889744465844615
0415 226 176 126 126 1.1103136945000642
0415 189 226 126 126 0.19694817458162106
0415 12 302 126 126 0.3381165559310375
0415 33 16 168 168 2.9190366970485684
0415 0 0 224 224 0.42660130479430336
0416 50 33 168 168 2.7087673146941142
0416 156 224 224 224 0.6656576479051637
0416 119 149 298 298 0.5813480064368832
0417 218 235 168 168 0.02343232319776689
0417 67 22 224 224 4.707220765723605
0417 59 29 298 298 0.016310168748304932
0418 289 75 126 126 0.5043555941426803
0418 184 0 168 168 0.3582125490336239
0418 67 16 168 168 4.311401182899999
0418 44 0 224 224 1.0874962647337725
0419 50 201 126 126 0.834471134932528
0419 50 117 168 168 3.074602544713116
0419 29 0 298 298 1.5634358540316953
0419 29 59 298 298 1.2483255107051718
0420 117 16 168 168 3.7522099551404153
0420 16 151 168 168 0.29623942705597983
0420 0 179 224 224 0.03270982584012927
0420 59 59 298 298 0.6187825861759393
0420 39 0 398 398 0.9662469351148957
0421 176 100 126 126 0.24176911145127633
0421 134 184 168 168 1.8411871394325772
0421 29 29 298 298 2.05879556119703
0421 39 0 398 398 0.6151807882395133
0422 37 25 126 126 2.46993140040081
0422 0 50 168 168 0.02553794752543581
0422 134 22 224 224 0.49265365189580734
0422 112 89 224 224 0.06100680911708878
0423 126 100 126 126 0.8885470079455899
0423 151 126 126 126 1.325492879206422
0423 100 226 126 126 1.5485031963014535
0423 0 168 168 168 0.44350117867520567
0423 50 235 168 168 0.38595865478214364
0423 29 59 298 298 3.927577940817855
0423 0 39 398 398 0.24107187545246234
0424 100 37 126 126 1.997536264969085
0424 176 50 126 126 0.3767941349631201
0424 63 75 126 126 1.5391848165143074
0424 75 126 126 126 1.3772628821004673
0424 176 126 126 126 0.039812235748968305
0424 151 314 126 126 0.2870758130500235
0424 100 168 168 168 0.7696633126158758
0424 59 29 298 298 3.5256990120813043
0424 0 39 398 398 1.562740240433186
0425 25 176 126 126 0.05226514564651552
0425 100 16 168 168 2.8339438254240576
0425 218 84 168 168 0.5254375387792152
0425 224 134 224 224 0.9140159794385454
0425 224 156 224 224 1.1927989857119883
0426 163 25 126 126 4.530877328170163
0426 252 252 168 168 0.9591322147587107
0426 268 252 168 168 0.8614431950970811
0427 75 25 126 126 3.509620711590969
0427 134 100 168 168 1.141721653677223
0427 22 0 224 224 1.2799809829646165
0428 84 33 168 168 2.08012446835869
0428 33 50 168 168 1.678284580548052
0428 201 50 168 168 1.9633297256493734
0428 201 235 168 168 0.9506994520395438
0428 44 44 224 224 0.18677486850879177
0429 151 138 126 126 0.5881106691792866
0429 89 22 224 224 3.505178621400546
0429 134 67 224 224 0.337000811950702
0429 89 29 298 298 1.4424305859408832
0430 126 50 126 126 0.468264718276032
0430 113 151 126 126 0.5028910751332205
0430 100 214 126 126 2.3193272385085493
0430 37 314 126 126 0.6276817740852039
0430 184 67 168 168 0.28574783975432183
0430 33 184 168 168 0.1839324687878161
0430 22 224 224 224 7.396650266855431e-05
0430 0 29 298 298 2.8590175882034146
0430 0 0 398 398 0.763421242123286
0431 126 50 126 126 0.18016875503758456
0431 163 126 126 126 0.935721665873416
0431 12 314 126 126 0.024343167858887682
0431 235 134 168 168 0.5065692166515419
0431 134 151 168 168 0.8262068540041128
0431 29 29 298 298 2.9616545994920216
0431 29 59 298 298 0.665213773
